0 0 385 
1 1 394 
2 2 385 
3 3 406 
4 4 386 
5 5 404 
6 6 374 
7 7 387 
8 8 407 
9 9 391 
10 10 389 
11 11 405 
12 12 385 
13 13 377 
14 14 387 
15 15 407 
16 16 390 
17 17 404 
18 18 392 
19 19 385 
20 20 392 
21 21 387 
22 22 390 
23 23 391 
24 24 395 
25 25 387 
26 26 401 
27 27 389 
28 28 385 
29 29 406 
30 30 385 
31 31 384 
32 32 387 
33 33 384 
34 34 406 
35 35 404 
36 36 391 
37 37 403 
38 38 383 
39 39 388 
40 40 385 
41 41 402 
42 42 386 
43 43 379 
44 44 404 
45 45 383 
46 46 392 
47 47 391 
48 48 366 
49 49 401 
50 50 394 
51 51 384 
52 52 381 
53 53 417 
54 54 397 
55 55 400 
56 56 393 
57 57 400 
58 58 393 
59 59 401 
60 60 388 
61 61 383 
62 62 382 
63 63 410 
64 64 388 
65 65 385 
66 66 398 
67 67 411 
68 68 384 
69 69 400 
70 70 399 
71 71 390 
72 72 405 
73 73 395 
74 74 377 
75 75 385 
76 76 390 
77 77 389 
78 78 400 
79 79 399 
80 80 412 
81 81 434 
82 82 428 
83 83 423 
84 84 408 
85 85 414 
86 86 401 
87 87 410 
88 88 379 
89 89 406 
90 90 379 
91 91 392 
92 92 397 
93 93 389 
94 94 403 
95 95 396 
96 96 383 
97 97 381 
98 98 401 
99 99 382 
100 100 412 
101 101 390 
102 102 391 
103 103 372 
104 104 392 
105 105 389 
106 106 394 
107 107 393 
108 108 405 
109 109 397 
110 110 380 
111 111 378 
112 112 384 
113 113 416 
114 114 381 
115 115 400 
116 116 412 
117 117 370 
118 118 391 
119 119 386 
120 120 396 
121 121 387 
122 122 389 
123 123 389 
124 124 374 
125 125 394 
126 126 370 
127 127 405 
128 128 424 
129 129 400 
130 130 369 
131 131 404 
132 132 394 
133 133 389 
134 134 397 
135 135 413 
136 136 399 
137 137 403 
138 138 391 
139 139 385 
140 140 391 
141 141 383 
142 142 387 
143 143 387 
144 144 399 
145 145 391 
146 146 400 
147 147 394 
148 148 391 
149 149 405 
150 150 403 
151 151 394 
152 152 394 
153 153 402 
154 154 387 
155 155 388 
156 156 369 
157 157 412 
158 158 395 
159 159 390 
160 160 399 
161 161 386 
162 162 394 
163 163 393 
164 164 401 
165 165 396 
166 166 383 
167 167 389 
168 168 406 
169 169 403 
170 170 396 
171 171 377 
172 172 404 
173 173 389 
174 174 379 
175 175 383 
176 176 385 
177 177 400 
178 178 402 
179 179 402 
180 180 401 
181 181 392 
182 182 413 
183 183 395 
184 184 377 
185 185 388 
186 186 372 
187 187 399 
188 188 379 
189 189 381 
190 190 406 
191 191 385 
192 192 396 
193 193 392 
194 194 393 
195 195 405 
196 196 383 
197 197 407 
198 198 392 
199 199 389 
200 200 395 
201 201 393 
202 202 390 
203 203 404 
204 204 391 
205 205 390 
206 206 402 
207 207 383 
208 208 396 
209 209 380 
210 210 391 
211 211 368 
212 212 386 
213 213 380 
214 214 411 
215 215 385 
216 216 392 
217 217 403 
218 218 399 
219 219 393 
220 220 376 
221 221 392 
222 222 415 
223 223 397 
224 224 405 
225 225 397 
226 226 396 
227 227 389 
228 228 409 
229 229 403 
230 230 381 
231 231 372 
232 232 398 
233 233 380 
234 234 382 
235 235 412 
236 236 407 
237 237 379 
238 238 394 
239 239 402 
240 240 387 
241 241 384 
242 242 402 
243 243 388 
244 244 391 
245 245 400 
246 246 394 
247 247 383 
248 248 397 
249 249 390 
250 250 378 
251 251 406 
252 252 384 
253 253 397 
254 254 400 
255 255 399 
256 256 390 
257 257 390 
258 258 378 
259 259 379 
260 260 378 
261 261 377 
262 262 380 
263 263 385 
264 264 384 
265 265 417 
266 266 412 
267 267 378 
268 268 374 
269 269 412 
270 270 387 
271 271 388 
272 272 388 
273 273 405 
274 274 395 
275 275 396 
276 276 385 
277 277 411 
278 278 401 
279 279 407 
280 280 382 
281 281 384 
282 282 391 
283 283 395 
284 284 390 
285 285 409 
286 286 400 
287 287 396 
288 288 387 
289 289 407 
290 290 384 
291 291 391 
292 292 393 
293 293 415 
294 294 393 
295 295 410 
296 296 388 
297 297 396 
298 298 393 
299 299 392 
300 300 386 
301 301 400 
302 302 383 
303 303 393 
304 304 385 
305 305 405 
306 306 397 
307 307 382 
308 308 394 
309 309 387 
310 310 402 
311 311 391 
312 312 384 
313 313 385 
314 314 398 
315 315 411 
316 316 398 
317 317 387 
318 318 403 
319 319 411 
320 320 384 
321 321 403 
322 322 378 
323 323 397 
324 324 403 
325 325 406 
326 326 386 
327 327 405 
328 328 392 
329 329 418 
330 330 398 
331 331 391 
332 332 382 
333 333 408 
334 334 391 
335 335 397 
336 336 398 
337 337 386 
338 338 401 
339 339 394 
340 340 380 
341 341 404 
342 342 400 
343 343 395 
344 344 396 
345 345 394 
346 346 395 
347 347 389 
348 348 388 
349 349 392 
350 350 397 
351 351 388 
352 352 404 
353 353 384 
354 354 391 
355 355 403 
356 356 384 
357 357 382 
358 358 388 
359 359 400 
360 360 386 
361 361 412 
362 362 404 
363 363 399 
364 364 407 
365 365 399 
366 366 384 
367 367 391 
368 368 388 
369 369 398 
370 370 398 
371 371 371 
372 372 402 
373 373 403 
374 374 391 
375 375 393 
376 376 389 
377 377 392 
378 378 381 
379 379 408 
380 380 404 
381 381 407 
382 382 404 
383 383 403 
384 384 388 
385 385 405 
386 386 389 
387 387 395 
388 388 392 
389 389 410 
390 390 399 
391 391 393 
392 392 380 
393 393 427 
394 394 400 
395 395 403 
396 396 402 
397 397 400 
398 398 401 
399 399 397 
400 400 403 
401 401 399 
402 402 387 
403 403 411 
404 404 396 
405 405 391 
406 406 399 
407 407 392 
408 408 401 
409 409 399 
410 410 380 
411 411 411 
412 412 400 
413 413 398 
414 414 401 
415 415 400 
416 416 406 
417 417 388 
418 418 391 
419 419 391 
420 420 398 
421 421 416 
422 422 403 
423 423 421 
424 424 407 
425 425 409 
426 426 393 
427 427 398 
428 428 388 
429 429 390 
430 430 385 
431 431 405 
432 432 383 
433 433 392 
434 434 368 
435 435 393 
436 436 401 
437 437 403 
438 438 407 
439 439 386 
440 440 401 
441 441 392 
442 442 406 
443 443 380 
444 444 373 
445 445 406 
446 446 395 
447 447 394 
448 448 393 
449 449 411 
450 450 393 
451 451 408 
452 452 382 
453 453 399 
454 454 400 
455 455 394 
456 456 408 
457 457 386 
458 458 398 
459 459 393 
460 460 407 
461 461 410 
462 462 397 
463 463 396 
464 464 398 
465 465 397 
466 466 413 
467 467 406 
468 468 408 
469 469 382 
470 470 398 
471 471 409 
472 472 400 
473 473 389 
474 474 387 
475 475 395 
476 476 394 
477 477 381 
478 478 387 
479 479 407 
480 480 401 
481 481 387 
482 482 396 
483 483 387 
484 484 417 
485 485 405 
486 486 389 
487 487 394 
488 488 391 
489 489 392 
490 490 396 
491 491 406 
492 492 391 
493 493 393 
494 494 390 
495 495 379 
496 496 384 
497 497 385 
498 498 410 
499 499 399 
500 500 393 
501 501 392 
502 502 416 
503 503 395 
504 504 369 
505 505 388 
506 506 398 
507 507 402 
508 508 395 
509 509 380 
510 510 386 
511 511 396 
512 512 396 
513 513 417 
514 514 408 
515 515 412 
516 516 401 
517 517 388 
518 518 410 
519 519 384 
520 520 399 
521 521 396 
522 522 394 
523 523 396 
524 524 411 
525 525 391 
526 526 390 
527 527 392 
528 528 389 
529 529 412 
530 530 403 
531 531 408 
532 532 389 
533 533 384 
534 534 392 
535 535 407 
536 536 388 
537 537 405 
538 538 399 
539 539 390 
540 540 389 
541 541 394 
542 542 402 
543 543 413 
544 544 388 
545 545 380 
546 546 392 
547 547 395 
548 548 399 
549 549 405 
550 550 385 
551 551 395 
552 552 378 
553 553 406 
554 554 407 
555 555 385 
556 556 384 
557 557 403 
558 558 402 
559 559 388 
560 560 386 
561 561 401 
562 562 379 
563 563 397 
564 564 406 
565 565 405 
566 566 392 
567 567 397 
568 568 393 
569 569 392 
570 570 388 
571 571 394 
572 572 384 
573 573 399 
574 574 386 
575 575 401 
576 576 398 
577 577 395 
578 578 385 
579 579 406 
580 580 394 
581 581 390 
582 582 394 
583 583 408 
584 584 392 
585 585 391 
586 586 368 
587 587 394 
588 588 386 
589 589 377 
590 590 399 
591 591 377 
592 592 390 
593 593 374 
594 594 401 
595 595 393 
596 596 402 
597 597 413 
598 598 405 
599 599 393 
600 600 407 
601 601 392 
602 602 381 
603 603 398 
604 604 377 
605 605 379 
606 606 397 
607 607 371 
608 608 411 
609 609 394 
610 610 395 
611 611 418 
612 612 392 
613 613 386 
614 614 399 
615 615 408 
616 616 397 
617 617 405 
618 618 384 
619 619 390 
620 620 394 
621 621 408 
622 622 387 
623 623 408 
624 624 400 
625 625 417 
626 626 377 
627 627 399 
628 628 395 
629 629 379 
630 630 388 
631 631 408 
632 632 400 
633 633 409 
634 634 402 
635 635 416 
636 636 423 
637 637 423 
638 638 416 
639 639 416 
640 640 426 
641 641 412 
642 642 385 
643 643 420 
644 644 405 
645 645 427 
646 646 408 
647 647 407 
648 648 396 
649 649 394 
650 650 373 
651 651 383 
652 652 374 
653 653 406 
654 654 407 
655 655 377 
656 656 395 
657 657 401 
658 658 399 
659 659 392 
660 660 400 
661 661 408 
662 662 383 
663 663 381 
664 664 388 
665 665 388 
666 666 389 
667 667 411 
668 668 396 
669 669 391 
670 670 376 
671 671 400 
672 672 394 
673 673 420 
674 674 394 
675 675 402 
676 676 388 
677 677 401 
678 678 385 
679 679 384 
680 680 390 
681 681 390 
682 682 404 
683 683 380 
684 684 396 
685 685 412 
686 686 396 
687 687 395 
688 688 399 
689 689 406 
690 690 413 
691 691 412 
692 692 390 
693 693 411 
694 694 392 
695 695 416 
696 696 394 
697 697 402 
698 698 393 
699 699 409 
700 700 399 
701 701 402 
702 702 376 
703 703 385 
704 704 405 
705 705 404 
706 706 385 
707 707 382 
708 708 412 
709 709 418 
710 710 375 
711 711 396 
712 712 400 
713 713 394 
714 714 387 
715 715 399 
716 716 398 
717 717 395 
718 718 392 
719 719 408 
720 720 400 
721 721 378 
722 722 395 
723 723 383 
724 724 388 
725 725 412 
726 726 382 
727 727 407 
728 728 395 
729 729 379 
730 730 387 
731 731 391 
732 732 384 
733 733 420 
734 734 380 
735 735 410 
736 736 404 
737 737 366 
738 738 396 
739 739 391 
740 740 382 
741 741 402 
742 742 381 
743 743 416 
744 744 377 
745 745 400 
746 746 415 
747 747 400 
748 748 391 
749 749 406 
750 750 400 
751 751 389 
752 752 404 
753 753 414 
754 754 402 
755 755 385 
756 756 393 
757 757 416 
758 758 369 
759 759 414 
760 760 393 
761 761 409 
762 762 383 
763 763 401 
764 764 381 
765 765 387 
766 766 390 
767 767 406 
768 768 404 
769 769 387 
770 770 387 
771 771 382 
772 772 388 
773 773 396 
774 774 382 
775 775 398 
776 776 382 
777 777 410 
778 778 398 
779 779 378 
780 780 399 
781 781 390 
782 782 394 
783 783 402 
784 784 384 
785 785 413 
786 786 403 
787 787 416 
788 788 400 
789 789 388 
790 790 381 
791 791 392 
792 792 394 
793 793 407 
794 794 395 
795 795 394 
796 796 387 
797 797 398 
798 798 374 
799 799 398 
800 800 394 
801 801 402 
802 802 391 
803 803 414 
804 804 378 
805 805 395 
806 806 392 
807 807 402 
808 808 393 
809 809 378 
810 810 393 
811 811 391 
812 812 389 
813 813 373 
814 814 384 
815 815 406 
816 816 402 
817 817 401 
818 818 377 
819 819 412 
820 820 375 
821 821 399 
822 822 393 
823 823 392 
824 824 405 
825 825 397 
826 826 375 
827 827 408 
828 828 389 
829 829 389 
830 830 394 
831 831 399 
832 832 398 
833 833 385 
834 834 407 
835 835 394 
836 836 395 
837 837 404 
838 838 394 
839 839 395 
840 840 408 
841 841 405 
842 842 389 
843 843 383 
844 844 395 
845 845 393 
846 846 392 
847 847 382 
848 848 386 
849 849 368 
850 850 401 
851 851 387 
852 852 387 
853 853 402 
854 854 393 
855 855 397 
856 856 405 
857 857 395 
858 858 395 
859 859 389 
860 860 383 
861 861 402 
862 862 414 
863 863 389 
864 864 399 
865 865 393 
866 866 376 
867 867 400 
868 868 398 
869 869 404 
870 870 403 
871 871 405 
872 872 395 
873 873 402 
874 874 383 
875 875 375 
876 876 402 
877 877 397 
878 878 385 
879 879 400 
880 880 376 
881 881 370 
882 882 394 
883 883 390 
884 884 394 
885 885 388 
886 886 394 
887 887 396 
888 888 373 
889 889 400 
890 890 390 
891 891 394 
892 892 385 
893 893 411 
894 894 386 
895 895 393 
896 896 404 
897 897 397 
898 898 391 
899 899 395 
900 900 369 
901 901 388 
902 902 401 
903 903 392 
904 904 397 
905 905 395 
906 906 381 
907 907 406 
908 908 384 
909 909 392 
910 910 387 
911 911 396 
912 912 376 
913 913 393 
914 914 414 
915 915 410 
916 916 388 
917 917 411 
918 918 396 
919 919 401 
920 920 397 
921 921 392 
922 922 392 
923 923 396 
924 924 405 
925 925 408 
926 926 407 
927 927 421 
928 928 401 
929 929 411 
930 930 393 
931 931 384 
932 932 407 
933 933 388 
934 934 400 
935 935 374 
936 936 416 
937 937 392 
938 938 382 
939 939 390 
940 940 394 
941 941 399 
942 942 390 
943 943 395 
944 944 401 
945 945 421 
946 946 395 
947 947 391 
948 948 403 
949 949 396 
950 950 391 
951 951 409 
952 952 392 
953 953 392 
954 954 380 
955 955 407 
956 956 391 
957 957 395 
958 958 387 
959 959 406 
960 960 385 
961 961 392 
962 962 404 
963 963 391 
964 964 412 
965 965 396 
966 966 393 
967 967 383 
968 968 382 
969 969 401 
970 970 392 
971 971 393 
972 972 387 
973 973 425 
974 974 382 
975 975 393 
976 976 404 
977 977 375 
978 978 390 
979 979 412 
980 980 400 
981 981 400 
982 982 416 
983 983 376 
984 984 384 
985 985 397 
986 986 408 
987 987 402 
988 988 402 
989 989 401 
990 990 394 
991 991 381 
992 992 386 
993 993 377 
994 994 400 
995 995 387 
996 996 401 
997 997 404 
998 998 378 
999 999 394 
1000 1000 382 
1001 1001 395 
1002 1002 392 
1003 1003 405 
1004 1004 407 
1005 1005 390 
1006 1006 378 
1007 1007 392 
1008 1008 379 
1009 1009 407 
1010 1010 407 
1011 1011 398 
1012 1012 397 
1013 1013 411 
1014 1014 379 
1015 1015 384 
1016 1016 390 
1017 1017 398 
1018 1018 387 
1019 1019 394 
1020 1020 376 
1021 1021 381 
1022 1022 410 
1023 1023 404 
1024 1024 389 
1025 1025 410 
1026 1026 410 
1027 1027 386 
1028 1028 398 
1029 1029 372 
1030 1030 393 
1031 1031 401 
1032 1032 400 
1033 1033 406 
1034 1034 372 
1035 1035 406 
1036 1036 400 
1037 1037 389 
1038 1038 401 
1039 1039 391 
1040 1040 392 
1041 1041 382 
1042 1042 381 
1043 1043 406 
1044 1044 404 
1045 1045 399 
1046 1046 404 
1047 1047 401 
1048 1048 390 
1049 1049 407 
1050 1050 376 
1051 1051 392 
1052 1052 400 
1053 1053 390 
1054 1054 402 
1055 1055 393 
1056 1056 388 
1057 1057 411 
1058 1058 399 
1059 1059 381 
1060 1060 398 
1061 1061 405 
1062 1062 395 
1063 1063 389 
1064 1064 408 
1065 1065 403 
1066 1066 389 
1067 1067 405 
1068 1068 372 
1069 1069 396 
1070 1070 399 
1071 1071 384 
1072 1072 399 
1073 1073 393 
1074 1074 402 
1075 1075 415 
1076 1076 390 
1077 1077 396 
1078 1078 367 
1079 1079 398 
1080 1080 392 
1081 1081 400 
1082 1082 410 
1083 1083 412 
1084 1084 398 
1085 1085 386 
1086 1086 393 
1087 1087 382 
1088 1088 387 
1089 1089 391 
1090 1090 400 
1091 1091 415 
1092 1092 383 
1093 1093 409 
1094 1094 393 
1095 1095 377 
1096 1096 391 
1097 1097 388 
1098 1098 395 
1099 1099 400 
1100 1100 394 
1101 1101 403 
1102 1102 404 
1103 1103 386 
1104 1104 381 
1105 1105 400 
1106 1106 382 
1107 1107 407 
1108 1108 380 
1109 1109 400 
1110 1110 406 
1111 1111 391 
1112 1112 385 
1113 1113 393 
1114 1114 401 
1115 1115 427 
1116 1116 400 
1117 1117 389 
1118 1118 382 
1119 1119 383 
1120 1120 419 
1121 1121 423 
1122 1122 391 
1123 1123 391 
1124 1124 385 
1125 1125 386 
1126 1126 392 
1127 1127 392 
1128 1128 405 
1129 1129 383 
1130 1130 386 
1131 1131 384 
1132 1132 395 
1133 1133 403 
1134 1134 401 
1135 1135 399 
1136 1136 382 
1137 1137 406 
1138 1138 377 
1139 1139 407 
1140 1140 380 
1141 1141 394 
1142 1142 396 
1143 1143 395 
1144 1144 395 
1145 1145 389 
1146 1146 383 
1147 1147 405 
1148 1148 403 
1149 1149 381 
1150 1150 398 
1151 1151 377 
1152 1152 372 
1153 1153 392 
1154 1154 401 
1155 1155 398 
1156 1156 402 
1157 1157 396 
1158 1158 385 
1159 1159 374 
1160 1160 369 
1161 1161 385 
1162 1162 387 
1163 1163 391 
1164 1164 391 
1165 1165 418 
1166 1166 379 
1167 1167 408 
1168 1168 392 
1169 1169 390 
1170 1170 396 
1171 1171 386 
1172 1172 392 
1173 1173 389 
1174 1174 380 
1175 1175 388 
1176 1176 395 
1177 1177 422 
1178 1178 395 
1179 1179 378 
1180 1180 392 
1181 1181 397 
1182 1182 392 
1183 1183 413 
1184 1184 383 
1185 1185 420 
1186 1186 388 
1187 1187 403 
1188 1188 401 
1189 1189 421 
1190 1190 386 
1191 1191 395 
1192 1192 404 
1193 1193 421 
1194 1194 401 
1195 1195 387 
1196 1196 393 
1197 1197 413 
1198 1198 412 
1199 1199 394 
1200 1200 403 
1201 1201 405 
1202 1202 383 
1203 1203 375 
1204 1204 406 
1205 1205 383 
1206 1206 389 
1207 1207 406 
1208 1208 394 
1209 1209 394 
1210 1210 386 
1211 1211 388 
1212 1212 410 
1213 1213 401 
1214 1214 392 
1215 1215 401 
1216 1216 393 
1217 1217 401 
1218 1218 393 
1219 1219 404 
1220 1220 372 
1221 1221 397 
1222 1222 392 
1223 1223 409 
1224 1224 398 
1225 1225 418 
1226 1226 373 
1227 1227 416 
1228 1228 386 
1229 1229 405 
1230 1230 390 
1231 1231 381 
1232 1232 393 
1233 1233 377 
1234 1234 366 
1235 1235 392 
1236 1236 388 
1237 1237 370 
1238 1238 386 
1239 1239 418 
1240 1240 388 
1241 1241 422 
1242 1242 378 
1243 1243 373 
1244 1244 417 
1245 1245 423 
1246 1246 395 
1247 1247 396 
1248 1248 411 
1249 1249 390 
1250 1250 376 
1251 1251 393 
1252 1252 381 
1253 1253 390 
1254 1254 386 
1255 1255 390 
1256 1256 396 
1257 1257 371 
1258 1258 381 
1259 1259 403 
1260 1260 374 
1261 1261 405 
1262 1262 400 
1263 1263 402 
1264 1264 391 
1265 1265 391 
1266 1266 391 
1267 1267 402 
1268 1268 396 
1269 1269 391 
1270 1270 383 
1271 1271 380 
1272 1272 392 
1273 1273 404 
1274 1274 393 
1275 1275 385 
1276 1276 404 
1277 1277 404 
1278 1278 408 
1279 1279 401 
1280 1280 392 
1281 1281 399 
1282 1282 395 
1283 1283 406 
1284 1284 400 
1285 1285 400 
1286 1286 376 
1287 1287 393 
1288 1288 378 
1289 1289 389 
1290 1290 408 
1291 1291 406 
1292 1292 385 
1293 1293 397 
1294 1294 397 
1295 1295 409 
1296 1296 392 
1297 1297 406 
1298 1298 404 
1299 1299 391 
1300 1300 364 
1301 1301 400 
1302 1302 413 
1303 1303 410 
1304 1304 386 
1305 1305 394 
1306 1306 386 
1307 1307 382 
1308 1308 388 
1309 1309 396 
1310 1310 388 
1311 1311 403 
1312 1312 394 
1313 1313 393 
1314 1314 380 
1315 1315 383 
1316 1316 415 
1317 1317 407 
1318 1318 378 
1319 1319 396 
1320 1320 407 
1321 1321 402 
1322 1322 386 
1323 1323 380 
1324 1324 367 
1325 1325 393 
1326 1326 417 
1327 1327 388 
1328 1328 380 
1329 1329 398 
1330 1330 389 
1331 1331 396 
1332 1332 383 
1333 1333 401 
1334 1334 398 
1335 1335 412 
1336 1336 397 
1337 1337 387 
1338 1338 397 
1339 1339 394 
1340 1340 384 
1341 1341 396 
1342 1342 381 
1343 1343 413 
1344 1344 394 
1345 1345 400 
1346 1346 380 
1347 1347 391 
1348 1348 405 
1349 1349 406 
1350 1350 384 
1351 1351 425 
1352 1352 399 
1353 1353 407 
1354 1354 388 
1355 1355 404 
1356 1356 390 
1357 1357 399 
1358 1358 408 
1359 1359 389 
1360 1360 393 
1361 1361 388 
1362 1362 372 
1363 1363 391 
1364 1364 395 
1365 1365 405 
1366 1366 408 
1367 1367 408 
1368 1368 389 
1369 1369 407 
1370 1370 397 
1371 1371 411 
1372 1372 393 
1373 1373 406 
1374 1374 401 
1375 1375 373 
1376 1376 414 
1377 1377 394 
1378 1378 393 
1379 1379 394 
1380 1380 391 
1381 1381 398 
1382 1382 387 
1383 1383 397 
1384 1384 390 
1385 1385 385 
1386 1386 406 
1387 1387 382 
1388 1388 400 
1389 1389 408 
1390 1390 413 
1391 1391 383 
1392 1392 418 
1393 1393 390 
1394 1394 380 
1395 1395 412 
1396 1396 387 
1397 1397 380 
1398 1398 373 
1399 1399 372 
1400 1400 410 
1401 1401 402 
1402 1402 389 
1403 1403 398 
1404 1404 388 
1405 1405 407 
1406 1406 397 
1407 1407 384 
1408 1408 397 
1409 1409 376 
1410 1410 393 
1411 1411 407 
1412 1412 388 
1413 1413 404 
1414 1414 388 
1415 1415 406 
1416 1416 381 
1417 1417 386 
1418 1418 396 
1419 1419 380 
1420 1420 400 
1421 1421 401 
1422 1422 394 
1423 1423 418 
1424 1424 396 
1425 1425 382 
1426 1426 386 
1427 1427 393 
1428 1428 386 
1429 1429 407 
1430 1430 400 
1431 1431 402 
1432 1432 397 
1433 1433 402 
1434 1434 392 
1435 1435 398 
1436 1436 392 
1437 1437 407 
1438 1438 384 
1439 1439 394 
1440 1440 385 
1441 1441 412 
1442 1442 394 
1443 1443 401 
1444 1444 378 
1445 1445 399 
1446 1446 389 
1447 1447 396 
1448 1448 404 
1449 1449 397 
1450 1450 395 
1451 1451 390 
1452 1452 373 
1453 1453 410 
1454 1454 392 
1455 1455 379 
1456 1456 391 
1457 1457 381 
1458 1458 384 
1459 1459 372 
1460 1460 416 
1461 1461 387 
1462 1462 400 
1463 1463 387 
1464 1464 380 
1465 1465 407 
1466 1466 385 
1467 1467 396 
1468 1468 397 
1469 1469 389 
1470 1470 380 
1471 1471 389 
1472 1472 405 
1473 1473 400 
1474 1474 408 
1475 1475 404 
1476 1476 387 
1477 1477 395 
1478 1478 380 
1479 1479 383 
1480 1480 389 
1481 1481 391 
1482 1482 384 
1483 1483 385 
1484 1484 391 
1485 1485 398 
1486 1486 410 
1487 1487 384 
1488 1488 394 
1489 1489 393 
1490 1490 405 
1491 1491 408 
1492 1492 400 
1493 1493 390 
1494 1494 369 
1495 1495 397 
1496 1496 376 
1497 1497 402 
1498 1498 407 
1499 1499 401 
1500 1500 376 
1501 1501 401 
1502 1502 384 
1503 1503 384 
1504 1504 384 
1505 1505 404 
1506 1506 422 
1507 1507 389 
1508 1508 379 
1509 1509 376 
1510 1510 394 
1511 1511 382 
1512 1512 404 
1513 1513 400 
1514 1514 404 
1515 1515 404 
1516 1516 407 
1517 1517 396 
1518 1518 392 
1519 1519 403 
1520 1520 381 
1521 1521 385 
1522 1522 387 
1523 1523 393 
1524 1524 393 
1525 1525 406 
1526 1526 377 
1527 1527 398 
1528 1528 388 
1529 1529 380 
1530 1530 396 
1531 1531 411 
1532 1532 391 
1533 1533 408 
1534 1534 402 
1535 1535 400 
1536 1536 395 
1537 1537 398 
1538 1538 397 
1539 1539 390 
1540 1540 394 
1541 1541 395 
1542 1542 388 
1543 1543 401 
1544 1544 376 
1545 1545 383 
1546 1546 409 
1547 1547 401 
1548 1548 395 
1549 1549 399 
1550 1550 384 
1551 1551 395 
1552 1552 394 
1553 1553 392 
1554 1554 383 
1555 1555 393 
1556 1556 421 
1557 1557 408 
1558 1558 389 
1559 1559 391 
1560 1560 392 
1561 1561 396 
1562 1562 401 
1563 1563 409 
1564 1564 382 
1565 1565 393 
1566 1566 393 
1567 1567 400 
1568 1568 383 
1569 1569 405 
1570 1570 408 
1571 1571 400 
1572 1572 412 
1573 1573 398 
1574 1574 387 
1575 1575 392 
1576 1576 388 
1577 1577 383 
1578 1578 393 
1579 1579 377 
1580 1580 387 
1581 1581 383 
1582 1582 396 
1583 1583 414 
1584 1584 395 
1585 1585 391 
1586 1586 400 
1587 1587 394 
1588 1588 378 
1589 1589 399 
1590 1590 387 
1591 1591 436 
1592 1592 379 
1593 1593 409 
1594 1594 389 
1595 1595 424 
1596 1596 385 
1597 1597 385 
1598 1598 390 
1599 1599 377 
1600 1600 403 
1601 1601 391 
1602 1602 382 
1603 1603 398 
1604 1604 392 
1605 1605 396 
1606 1606 386 
1607 1607 394 
1608 1608 404 
1609 1609 399 
1610 1610 372 
1611 1611 381 
1612 1612 399 
1613 1613 398 
1614 1614 382 
1615 1615 390 
1616 1616 409 
1617 1617 377 
1618 1618 384 
1619 1619 402 
1620 1620 386 
1621 1621 404 
1622 1622 393 
1623 1623 375 
1624 1624 386 
1625 1625 387 
1626 1626 395 
1627 1627 414 
1628 1628 381 
1629 1629 401 
1630 1630 381 
1631 1631 379 
1632 1632 383 
1633 1633 393 
1634 1634 405 
1635 1635 386 
1636 1636 397 
1637 1637 418 
1638 1638 406 
1639 1639 393 
1640 1640 383 
1641 1641 389 
1642 1642 377 
1643 1643 391 
1644 1644 383 
1645 1645 402 
1646 1646 384 
1647 1647 402 
1648 1648 409 
1649 1649 402 
1650 1650 392 
1651 1651 398 
1652 1652 392 
1653 1653 405 
1654 1654 397 
1655 1655 417 
1656 1656 429 
1657 1657 386 
1658 1658 406 
1659 1659 392 
1660 1660 389 
1661 1661 398 
1662 1662 394 
1663 1663 397 
1664 1664 401 
1665 1665 400 
1666 1666 381 
1667 1667 405 
1668 1668 401 
1669 1669 384 
1670 1670 403 
1671 1671 404 
1672 1672 395 
1673 1673 395 
1674 1674 382 
1675 1675 392 
1676 1676 389 
1677 1677 401 
1678 1678 408 
1679 1679 392 
1680 1680 394 
1681 1681 386 
1682 1682 384 
1683 1683 382 
1684 1684 390 
1685 1685 401 
1686 1686 394 
1687 1687 401 
1688 1688 376 
1689 1689 413 
1690 1690 392 
1691 1691 411 
1692 1692 395 
1693 1693 397 
1694 1694 399 
1695 1695 396 
1696 1696 400 
1697 1697 400 
1698 1698 402 
1699 1699 385 
1700 1700 394 
1701 1701 404 
1702 1702 374 
1703 1703 395 
1704 1704 388 
1705 1705 385 
1706 1706 395 
1707 1707 405 
1708 1708 419 
1709 1709 381 
1710 1710 393 
1711 1711 405 
1712 1712 388 
1713 1713 396 
1714 1714 383 
1715 1715 380 
1716 1716 400 
1717 1717 405 
1718 1718 394 
1719 1719 399 
1720 1720 405 
1721 1721 397 
1722 1722 403 
1723 1723 388 
1724 1724 392 
1725 1725 392 
1726 1726 397 
1727 1727 387 
1728 1728 383 
1729 1729 421 
1730 1730 403 
1731 1731 389 
1732 1732 404 
1733 1733 412 
1734 1734 420 
1735 1735 374 
1736 1736 401 
1737 1737 397 
1738 1738 392 
1739 1739 396 
1740 1740 407 
1741 1741 416 
1742 1742 381 
1743 1743 381 
1744 1744 384 
1745 1745 415 
1746 1746 402 
1747 1747 410 
1748 1748 404 
1749 1749 387 
1750 1750 421 
1751 1751 393 
1752 1752 385 
1753 1753 401 
1754 1754 391 
1755 1755 399 
1756 1756 386 
1757 1757 401 
1758 1758 389 
1759 1759 407 
1760 1760 399 
1761 1761 386 
1762 1762 386 
1763 1763 404 
1764 1764 405 
1765 1765 389 
1766 1766 413 
1767 1767 401 
1768 1768 399 
1769 1769 403 
1770 1770 396 
1771 1771 381 
1772 1772 378 
1773 1773 412 
1774 1774 400 
1775 1775 385 
1776 1776 400 
1777 1777 390 
1778 1778 395 
1779 1779 401 
1780 1780 377 
1781 1781 403 
1782 1782 388 
1783 1783 409 
1784 1784 388 
1785 1785 419 
1786 1786 406 
1787 1787 417 
1788 1788 396 
1789 1789 392 
1790 1790 406 
1791 1791 402 
1792 1792 372 
1793 1793 403 
1794 1794 395 
1795 1795 404 
1796 1796 385 
1797 1797 400 
1798 1798 402 
1799 1799 404 
1800 1800 390 
1801 1801 409 
1802 1802 386 
1803 1803 405 
1804 1804 400 
1805 1805 390 
1806 1806 388 
1807 1807 390 
1808 1808 385 
1809 1809 409 
1810 1810 390 
1811 1811 396 
1812 1812 395 
1813 1813 392 
1814 1814 408 
1815 1815 406 
1816 1816 391 
1817 1817 405 
1818 1818 394 
1819 1819 409 
1820 1820 420 
1821 1821 387 
1822 1822 382 
1823 1823 393 
1824 1824 400 
1825 1825 395 
1826 1826 396 
1827 1827 379 
1828 1828 387 
1829 1829 399 
1830 1830 397 
1831 1831 410 
1832 1832 389 
1833 1833 396 
1834 1834 399 
1835 1835 393 
1836 1836 401 
1837 1837 373 
1838 1838 382 
1839 1839 390 
1840 1840 407 
1841 1841 411 
1842 1842 399 
1843 1843 391 
1844 1844 402 
1845 1845 416 
1846 1846 367 
1847 1847 395 
1848 1848 387 
1849 1849 384 
1850 1850 400 
1851 1851 422 
1852 1852 404 
1853 1853 399 
1854 1854 405 
1855 1855 404 
1856 1856 429 
1857 1857 409 
1858 1858 411 
1859 1859 392 
1860 1860 400 
1861 1861 396 
1862 1862 383 
1863 1863 381 
1864 1864 391 
1865 1865 405 
1866 1866 379 
1867 1867 405 
1868 1868 380 
1869 1869 405 
1870 1870 399 
1871 1871 387 
1872 1872 402 
1873 1873 398 
1874 1874 398 
1875 1875 400 
1876 1876 409 
1877 1877 410 
1878 1878 387 
1879 1879 397 
1880 1880 390 
1881 1881 408 
1882 1882 401 
1883 1883 407 
1884 1884 397 
1885 1885 397 
1886 1886 384 
1887 1887 401 
1888 1888 411 
1889 1889 399 
1890 1890 394 
1891 1891 395 
1892 1892 402 
1893 1893 408 
1894 1894 386 
1895 1895 403 
1896 1896 412 
1897 1897 418 
1898 1898 387 
1899 1899 392 
1900 1900 396 
1901 1901 384 
1902 1902 389 
1903 1903 397 
1904 1904 399 
1905 1905 393 
1906 1906 401 
1907 1907 399 
1908 1908 408 
1909 1909 404 
1910 1910 399 
1911 1911 374 
1912 1912 389 
1913 1913 390 
1914 1914 398 
1915 1915 389 
1916 1916 389 
1917 1917 413 
1918 1918 379 
1919 1919 396 
1920 1920 364 
1921 1921 388 
1922 1922 404 
1923 1923 399 
1924 1924 387 
1925 1925 413 
1926 1926 398 
1927 1927 404 
1928 1928 407 
1929 1929 413 
1930 1930 395 
1931 1931 396 
1932 1932 389 
1933 1933 396 
1934 1934 393 
1935 1935 409 
1936 1936 400 
1937 1937 400 
1938 1938 413 
1939 1939 396 
1940 1940 377 
1941 1941 405 
1942 1942 386 
1943 1943 392 
1944 1944 389 
1945 1945 400 
1946 1946 392 
1947 1947 406 
1948 1948 402 
1949 1949 375 
1950 1950 409 
1951 1951 386 
1952 1952 399 
1953 1953 390 
1954 1954 419 
1955 1955 403 
1956 1956 393 
1957 1957 396 
1958 1958 386 
1959 1959 400 
1960 1960 387 
1961 1961 405 
1962 1962 389 
1963 1963 409 
1964 1964 401 
1965 1965 377 
1966 1966 387 
1967 1967 394 
1968 1968 386 
1969 1969 404 
1970 1970 410 
1971 1971 389 
1972 1972 398 
1973 1973 413 
1974 1974 389 
1975 1975 394 
1976 1976 394 
1977 1977 404 
1978 1978 382 
1979 1979 396 
1980 1980 384 
1981 1981 418 
1982 1982 395 
1983 1983 400 
1984 1984 399 
1985 1985 388 
1986 1986 410 
1987 1987 380 
1988 1988 395 
1989 1989 382 
1990 1990 413 
1991 1991 393 
1992 1992 412 
1993 1993 397 
1994 1994 399 
1995 1995 407 
1996 1996 397 
1997 1997 420 
1998 1998 393 
1999 1999 384 
2000 2000 422 
2001 2001 394 
2002 2002 400 
2003 2003 408 
2004 2004 400 
2005 2005 405 
2006 2006 416 
2007 2007 412 
2008 2008 398 
2009 2009 407 
2010 2010 410 
2011 2011 426 
2012 2012 401 
2013 2013 397 
2014 2014 394 
2015 2015 403 
2016 2016 399 
2017 2017 400 
2018 2018 383 
2019 2019 391 
2020 2020 391 
2021 2021 401 
2022 2022 380 
2023 2023 393 
2024 2024 393 
2025 2025 379 
2026 2026 385 
2027 2027 402 
2028 2028 410 
2029 2029 414 
2030 2030 383 
2031 2031 393 
2032 2032 400 
2033 2033 397 
2034 2034 380 
2035 2035 389 
2036 2036 401 
2037 2037 396 
2038 2038 398 
2039 2039 407 
2040 2040 404 
2041 2041 405 
2042 2042 397 
2043 2043 390 
2044 2044 383 
2045 2045 401 
2046 2046 406 
2047 2047 392 
2048 2048 382 
2049 2049 408 
2050 2050 388 
2051 2051 391 
2052 2052 384 
2053 2053 382 
2054 2054 392 
2055 2055 393 
2056 2056 394 
2057 2057 387 
2058 2058 409 
2059 2059 397 
2060 2060 408 
2061 2061 394 
2062 2062 406 
2063 2063 399 
2064 2064 383 
2065 2065 403 
2066 2066 396 
2067 2067 396 
2068 2068 387 
2069 2069 414 
2070 2070 400 
2071 2071 401 
2072 2072 385 
2073 2073 376 
2074 2074 387 
2075 2075 408 
2076 2076 412 
2077 2077 387 
2078 2078 400 
2079 2079 386 
2080 2080 403 
2081 2081 391 
2082 2082 396 
2083 2083 382 
2084 2084 385 
2085 2085 401 
2086 2086 402 
2087 2087 381 
2088 2088 394 
2089 2089 382 
2090 2090 398 
2091 2091 393 
2092 2092 378 
2093 2093 417 
2094 2094 376 
2095 2095 384 
2096 2096 411 
2097 2097 406 
2098 2098 387 
2099 2099 393 
2100 2100 378 
2101 2101 400 
2102 2102 402 
2103 2103 370 
2104 2104 404 
2105 2105 399 
2106 2106 394 
2107 2107 399 
2108 2108 400 
2109 2109 400 
2110 2110 406 
2111 2111 386 
2112 2112 383 
2113 2113 418 
2114 2114 406 
2115 2115 396 
2116 2116 418 
2117 2117 385 
2118 2118 412 
2119 2119 385 
2120 2120 401 
2121 2121 425 
2122 2122 400 
2123 2123 398 
2124 2124 393 
2125 2125 388 
2126 2126 390 
2127 2127 409 
2128 2128 380 
2129 2129 400 
2130 2130 390 
2131 2131 388 
2132 2132 410 
2133 2133 397 
2134 2134 398 
2135 2135 405 
2136 2136 401 
2137 2137 406 
2138 2138 398 
2139 2139 406 
2140 2140 405 
2141 2141 411 
2142 2142 427 
2143 2143 424 
2144 2144 412 
2145 2145 409 
2146 2146 425 
2147 2147 431 
2148 2148 439 
2149 2149 476 
2150 2150 525 
2151 2151 516 
2152 2152 584 
2153 2153 692 
2154 2154 1066 
2155 2155 1654 
2156 2156 2747 
2157 2157 4077 
2158 2158 6454 
2159 2159 9297 
2160 2160 11539 
2161 2161 11790 
2162 2162 8979 
2163 2163 5889 
2164 2164 5709 
2165 2165 6369 
2166 2166 4993 
2167 2167 3461 
2168 2168 2402 
2169 2169 1306 
2170 2170 875 
2171 2171 563 
2172 2172 493 
2173 2173 465 
2174 2174 440 
2175 2175 443 
2176 2176 419 
2177 2177 427 
2178 2178 414 
2179 2179 425 
2180 2180 390 
2181 2181 394 
2182 2182 392 
2183 2183 407 
2184 2184 419 
2185 2185 408 
2186 2186 400 
2187 2187 405 
2188 2188 398 
2189 2189 400 
2190 2190 390 
2191 2191 405 
2192 2192 396 
2193 2193 407 
2194 2194 385 
2195 2195 418 
2196 2196 402 
2197 2197 378 
2198 2198 409 
2199 2199 398 
2200 2200 409 
2201 2201 407 
2202 2202 380 
2203 2203 408 
2204 2204 402 
2205 2205 389 
2206 2206 408 
2207 2207 398 
2208 2208 419 
2209 2209 403 
2210 2210 411 
2211 2211 406 
2212 2212 400 
2213 2213 423 
2214 2214 396 
2215 2215 400 
2216 2216 400 
2217 2217 390 
2218 2218 398 
2219 2219 397 
2220 2220 392 
2221 2221 378 
2222 2222 384 
2223 2223 400 
2224 2224 380 
2225 2225 407 
2226 2226 394 
2227 2227 400 
2228 2228 391 
2229 2229 396 
2230 2230 403 
2231 2231 390 
2232 2232 376 
2233 2233 404 
2234 2234 387 
2235 2235 381 
2236 2236 397 
2237 2237 401 
2238 2238 400 
2239 2239 409 
2240 2240 387 
2241 2241 397 
2242 2242 389 
2243 2243 390 
2244 2244 400 
2245 2245 395 
2246 2246 409 
2247 2247 398 
2248 2248 372 
2249 2249 407 
2250 2250 397 
2251 2251 399 
2252 2252 407 
2253 2253 389 
2254 2254 401 
2255 2255 378 
2256 2256 383 
2257 2257 394 
2258 2258 388 
2259 2259 388 
2260 2260 401 
2261 2261 386 
2262 2262 394 
2263 2263 432 
2264 2264 370 
2265 2265 387 
2266 2266 385 
2267 2267 395 
2268 2268 392 
2269 2269 427 
2270 2270 396 
2271 2271 428 
2272 2272 391 
2273 2273 390 
2274 2274 415 
2275 2275 407 
2276 2276 407 
2277 2277 400 
2278 2278 410 
2279 2279 398 
2280 2280 418 
2281 2281 404 
2282 2282 394 
2283 2283 395 
2284 2284 389 
2285 2285 396 
2286 2286 397 
2287 2287 390 
2288 2288 370 
2289 2289 412 
2290 2290 383 
2291 2291 385 
2292 2292 369 
2293 2293 380 
2294 2294 425 
2295 2295 393 
2296 2296 384 
2297 2297 388 
2298 2298 397 
2299 2299 404 
2300 2300 381 
2301 2301 383 
2302 2302 387 
2303 2303 390 
2304 2304 402 
2305 2305 391 
2306 2306 390 
2307 2307 403 
2308 2308 392 
2309 2309 408 
2310 2310 376 
2311 2311 396 
2312 2312 385 
2313 2313 409 
2314 2314 405 
2315 2315 402 
2316 2316 403 
2317 2317 403 
2318 2318 391 
2319 2319 381 
2320 2320 379 
2321 2321 404 
2322 2322 404 
2323 2323 391 
2324 2324 379 
2325 2325 399 
2326 2326 389 
2327 2327 397 
2328 2328 375 
2329 2329 408 
2330 2330 384 
2331 2331 385 
2332 2332 399 
2333 2333 399 
2334 2334 398 
2335 2335 383 
2336 2336 390 
2337 2337 407 
2338 2338 402 
2339 2339 377 
2340 2340 403 
2341 2341 399 
2342 2342 378 
2343 2343 396 
2344 2344 389 
2345 2345 413 
2346 2346 376 
2347 2347 378 
2348 2348 400 
2349 2349 384 
2350 2350 404 
2351 2351 394 
2352 2352 399 
2353 2353 405 
2354 2354 405 
2355 2355 416 
2356 2356 393 
2357 2357 397 
2358 2358 383 
2359 2359 389 
2360 2360 401 
2361 2361 385 
2362 2362 386 
2363 2363 402 
2364 2364 392 
2365 2365 394 
2366 2366 392 
2367 2367 389 
2368 2368 395 
2369 2369 401 
2370 2370 383 
2371 2371 404 
2372 2372 401 
2373 2373 384 
2374 2374 394 
2375 2375 386 
2376 2376 393 
2377 2377 394 
2378 2378 409 
2379 2379 397 
2380 2380 389 
2381 2381 394 
2382 2382 400 
2383 2383 398 
2384 2384 390 
2385 2385 388 
2386 2386 385 
2387 2387 399 
2388 2388 389 
2389 2389 392 
2390 2390 400 
2391 2391 404 
2392 2392 404 
2393 2393 392 
2394 2394 415 
2395 2395 387 
2396 2396 385 
2397 2397 370 
2398 2398 377 
2399 2399 407 
2400 2400 382 
2401 2401 407 
2402 2402 402 
2403 2403 385 
2404 2404 386 
2405 2405 411 
2406 2406 417 
2407 2407 383 
2408 2408 405 
2409 2409 392 
2410 2410 405 
2411 2411 387 
2412 2412 395 
2413 2413 383 
2414 2414 391 
2415 2415 383 
2416 2416 388 
2417 2417 413 
2418 2418 372 
2419 2419 397 
2420 2420 385 
2421 2421 392 
2422 2422 382 
2423 2423 387 
2424 2424 371 
2425 2425 383 
2426 2426 388 
2427 2427 395 
2428 2428 375 
2429 2429 396 
2430 2430 403 
2431 2431 395 
2432 2432 394 
2433 2433 403 
2434 2434 390 
2435 2435 386 
2436 2436 405 
2437 2437 403 
2438 2438 377 
2439 2439 391 
2440 2440 385 
2441 2441 400 
2442 2442 396 
2443 2443 387 
2444 2444 396 
2445 2445 384 
2446 2446 385 
2447 2447 390 
2448 2448 399 
2449 2449 379 
2450 2450 394 
2451 2451 403 
2452 2452 390 
2453 2453 386 
2454 2454 393 
2455 2455 402 
2456 2456 416 
2457 2457 396 
2458 2458 379 
2459 2459 396 
2460 2460 395 
2461 2461 383 
2462 2462 376 
2463 2463 387 
2464 2464 378 
2465 2465 393 
2466 2466 382 
2467 2467 399 
2468 2468 398 
2469 2469 396 
2470 2470 392 
2471 2471 398 
2472 2472 385 
2473 2473 383 
2474 2474 381 
2475 2475 402 
2476 2476 381 
2477 2477 399 
2478 2478 391 
2479 2479 376 
2480 2480 372 
2481 2481 387 
2482 2482 380 
2483 2483 424 
2484 2484 385 
2485 2485 390 
2486 2486 389 
2487 2487 395 
2488 2488 392 
2489 2489 388 
2490 2490 369 
2491 2491 401 
2492 2492 385 
2493 2493 385 
2494 2494 385 
2495 2495 407 
2496 2496 390 
2497 2497 389 
2498 2498 399 
2499 2499 389 
2500 2500 388 
2501 2501 393 
2502 2502 395 
2503 2503 376 
2504 2504 398 
2505 2505 397 
2506 2506 399 
2507 2507 405 
2508 2508 394 
2509 2509 382 
2510 2510 396 
2511 2511 356 
2512 2512 393 
2513 2513 409 
2514 2514 405 
2515 2515 370 
2516 2516 377 
2517 2517 401 
2518 2518 379 
2519 2519 385 
2520 2520 390 
2521 2521 390 
2522 2522 374 
2523 2523 404 
2524 2524 388 
2525 2525 392 
2526 2526 373 
2527 2527 385 
2528 2528 391 
2529 2529 390 
2530 2530 410 
2531 2531 375 
2532 2532 392 
2533 2533 384 
2534 2534 378 
2535 2535 378 
2536 2536 398 
2537 2537 375 
2538 2538 386 
2539 2539 389 
2540 2540 374 
2541 2541 379 
2542 2542 372 
2543 2543 383 
2544 2544 405 
2545 2545 393 
2546 2546 393 
2547 2547 395 
2548 2548 383 
2549 2549 411 
2550 2550 413 
2551 2551 393 
2552 2552 399 
2553 2553 405 
2554 2554 398 
2555 2555 371 
2556 2556 390 
2557 2557 406 
2558 2558 408 
2559 2559 405 
2560 2560 392 
2561 2561 420 
2562 2562 385 
2563 2563 414 
2564 2564 409 
2565 2565 389 
2566 2566 391 
2567 2567 391 
2568 2568 389 
2569 2569 398 
2570 2570 391 
2571 2571 390 
2572 2572 396 
2573 2573 409 
2574 2574 384 
2575 2575 390 
2576 2576 400 
2577 2577 400 
2578 2578 411 
2579 2579 383 
2580 2580 404 
2581 2581 416 
2582 2582 383 
2583 2583 405 
2584 2584 400 
2585 2585 421 
2586 2586 404 
2587 2587 393 
2588 2588 394 
2589 2589 398 
2590 2590 395 
2591 2591 396 
2592 2592 392 
2593 2593 404 
2594 2594 400 
2595 2595 394 
2596 2596 413 
2597 2597 377 
2598 2598 396 
2599 2599 398 
2600 2600 378 
2601 2601 384 
2602 2602 396 
2603 2603 379 
2604 2604 374 
2605 2605 389 
2606 2606 406 
2607 2607 388 
2608 2608 388 
2609 2609 392 
2610 2610 392 
2611 2611 417 
2612 2612 391 
2613 2613 392 
2614 2614 394 
2615 2615 388 
2616 2616 380 
2617 2617 382 
2618 2618 391 
2619 2619 403 
2620 2620 382 
2621 2621 390 
2622 2622 396 
2623 2623 386 
2624 2624 379 
2625 2625 397 
2626 2626 381 
2627 2627 400 
2628 2628 408 
2629 2629 411 
2630 2630 390 
2631 2631 396 
2632 2632 385 
2633 2633 371 
2634 2634 374 
2635 2635 394 
2636 2636 401 
2637 2637 418 
2638 2638 407 
2639 2639 389 
2640 2640 403 
2641 2641 404 
2642 2642 389 
2643 2643 396 
2644 2644 387 
2645 2645 388 
2646 2646 401 
2647 2647 394 
2648 2648 400 
2649 2649 402 
2650 2650 403 
2651 2651 398 
2652 2652 400 
2653 2653 384 
2654 2654 385 
2655 2655 402 
2656 2656 388 
2657 2657 408 
2658 2658 402 
2659 2659 382 
2660 2660 388 
2661 2661 392 
2662 2662 385 
2663 2663 396 
2664 2664 387 
2665 2665 404 
2666 2666 404 
2667 2667 394 
2668 2668 431 
2669 2669 368 
2670 2670 393 
2671 2671 394 
2672 2672 402 
2673 2673 413 
2674 2674 397 
2675 2675 410 
2676 2676 390 
2677 2677 396 
2678 2678 390 
2679 2679 384 
2680 2680 394 
2681 2681 400 
2682 2682 395 
2683 2683 389 
2684 2684 372 
2685 2685 386 
2686 2686 399 
2687 2687 380 
2688 2688 381 
2689 2689 432 
2690 2690 373 
2691 2691 391 
2692 2692 387 
2693 2693 400 
2694 2694 409 
2695 2695 402 
2696 2696 397 
2697 2697 404 
2698 2698 395 
2699 2699 393 
2700 2700 390 
2701 2701 403 
2702 2702 406 
2703 2703 395 
2704 2704 372 
2705 2705 391 
2706 2706 384 
2707 2707 404 
2708 2708 381 
2709 2709 405 
2710 2710 391 
2711 2711 400 
2712 2712 399 
2713 2713 392 
2714 2714 416 
2715 2715 392 
2716 2716 404 
2717 2717 396 
2718 2718 403 
2719 2719 380 
2720 2720 388 
2721 2721 401 
2722 2722 386 
2723 2723 388 
2724 2724 407 
2725 2725 405 
2726 2726 381 
2727 2727 412 
2728 2728 396 
2729 2729 413 
2730 2730 387 
2731 2731 374 
2732 2732 397 
2733 2733 408 
2734 2734 388 
2735 2735 388 
2736 2736 394 
2737 2737 392 
2738 2738 391 
2739 2739 373 
2740 2740 387 
2741 2741 421 
2742 2742 394 
2743 2743 385 
2744 2744 392 
2745 2745 408 
2746 2746 386 
2747 2747 409 
2748 2748 389 
2749 2749 383 
2750 2750 390 
2751 2751 413 
2752 2752 377 
2753 2753 400 
2754 2754 383 
2755 2755 402 
2756 2756 386 
2757 2757 395 
2758 2758 385 
2759 2759 384 
2760 2760 391 
2761 2761 398 
2762 2762 381 
2763 2763 401 
2764 2764 385 
2765 2765 386 
2766 2766 396 
2767 2767 414 
2768 2768 372 
2769 2769 386 
2770 2770 393 
2771 2771 393 
2772 2772 383 
2773 2773 387 
2774 2774 402 
2775 2775 385 
2776 2776 395 
2777 2777 381 
2778 2778 396 
2779 2779 397 
2780 2780 415 
2781 2781 391 
2782 2782 391 
2783 2783 394 
2784 2784 404 
2785 2785 389 
2786 2786 406 
2787 2787 388 
2788 2788 401 
2789 2789 396 
2790 2790 384 
2791 2791 404 
2792 2792 407 
2793 2793 386 
2794 2794 397 
2795 2795 396 
2796 2796 394 
2797 2797 399 
2798 2798 390 
2799 2799 385 
2800 2800 387 
2801 2801 387 
2802 2802 387 
2803 2803 399 
2804 2804 387 
2805 2805 388 
2806 2806 402 
2807 2807 395 
2808 2808 410 
2809 2809 399 
2810 2810 401 
2811 2811 403 
2812 2812 384 
2813 2813 386 
2814 2814 403 
2815 2815 383 
2816 2816 382 
2817 2817 378 
2818 2818 388 
2819 2819 395 
2820 2820 392 
2821 2821 394 
2822 2822 420 
2823 2823 398 
2824 2824 376 
2825 2825 401 
2826 2826 400 
2827 2827 404 
2828 2828 377 
2829 2829 413 
2830 2830 413 
2831 2831 379 
2832 2832 385 
2833 2833 400 
2834 2834 398 
2835 2835 391 
2836 2836 395 
2837 2837 403 
2838 2838 400 
2839 2839 375 
2840 2840 400 
2841 2841 402 
2842 2842 377 
2843 2843 404 
2844 2844 387 
2845 2845 399 
2846 2846 410 
2847 2847 389 
2848 2848 407 
2849 2849 388 
2850 2850 399 
2851 2851 406 
2852 2852 410 
2853 2853 404 
2854 2854 395 
2855 2855 402 
2856 2856 404 
2857 2857 396 
2858 2858 380 
2859 2859 387 
2860 2860 393 
2861 2861 403 
2862 2862 411 
2863 2863 387 
2864 2864 394 
2865 2865 399 
2866 2866 376 
2867 2867 410 
2868 2868 378 
2869 2869 401 
2870 2870 409 
2871 2871 412 
2872 2872 395 
2873 2873 394 
2874 2874 397 
2875 2875 402 
2876 2876 389 
2877 2877 409 
2878 2878 367 
2879 2879 394 
2880 2880 387 
2881 2881 393 
2882 2882 407 
2883 2883 395 
2884 2884 387 
2885 2885 389 
2886 2886 392 
2887 2887 393 
2888 2888 383 
2889 2889 410 
2890 2890 396 
2891 2891 371 
2892 2892 380 
2893 2893 389 
2894 2894 400 
2895 2895 408 
2896 2896 380 
2897 2897 408 
2898 2898 384 
2899 2899 392 
2900 2900 370 
2901 2901 383 
2902 2902 395 
2903 2903 398 
2904 2904 394 
2905 2905 391 
2906 2906 417 
2907 2907 396 
2908 2908 389 
2909 2909 380 
2910 2910 399 
2911 2911 400 
2912 2912 380 
2913 2913 390 
2914 2914 405 
2915 2915 393 
2916 2916 380 
2917 2917 390 
2918 2918 381 
2919 2919 409 
2920 2920 386 
2921 2921 401 
2922 2922 405 
2923 2923 382 
2924 2924 393 
2925 2925 398 
2926 2926 390 
2927 2927 404 
2928 2928 392 
2929 2929 403 
2930 2930 381 
2931 2931 397 
2932 2932 409 
2933 2933 406 
2934 2934 395 
2935 2935 404 
2936 2936 407 
2937 2937 415 
2938 2938 419 
2939 2939 386 
2940 2940 404 
2941 2941 395 
2942 2942 402 
2943 2943 403 
2944 2944 389 
2945 2945 391 
2946 2946 381 
2947 2947 416 
2948 2948 405 
2949 2949 401 
2950 2950 393 
2951 2951 404 
2952 2952 412 
2953 2953 412 
2954 2954 429 
2955 2955 420 
2956 2956 412 
2957 2957 445 
2958 2958 437 
2959 2959 448 
2960 2960 419 
2961 2961 430 
2962 2962 436 
2963 2963 461 
2964 2964 443 
2965 2965 463 
2966 2966 472 
2967 2967 547 
2968 2968 607 
2969 2969 652 
2970 2970 799 
2971 2971 996 
2972 2972 1335 
2973 2973 1876 
2974 2974 2627 
2975 2975 3544 
2976 2976 5012 
2977 2977 6580 
2978 2978 7575 
2979 2979 7356 
2980 2980 6036 
2981 2981 4537 
2982 2982 3878 
2983 2983 3499 
2984 2984 2616 
2985 2985 1875 
2986 2986 1338 
2987 2987 893 
2988 2988 742 
2989 2989 570 
2990 2990 536 
2991 2991 480 
2992 2992 462 
2993 2993 457 
2994 2994 425 
2995 2995 443 
2996 2996 427 
2997 2997 418 
2998 2998 404 
2999 2999 423 
3000 3000 418 
3001 3001 432 
3002 3002 410 
3003 3003 411 
3004 3004 400 
3005 3005 409 
3006 3006 405 
3007 3007 415 
3008 3008 395 
3009 3009 397 
3010 3010 399 
3011 3011 390 
3012 3012 411 
3013 3013 420 
3014 3014 392 
3015 3015 409 
3016 3016 377 
3017 3017 405 
3018 3018 414 
3019 3019 399 
3020 3020 376 
3021 3021 402 
3022 3022 393 
3023 3023 394 
3024 3024 388 
3025 3025 441 
3026 3026 401 
3027 3027 388 
3028 3028 384 
3029 3029 388 
3030 3030 386 
3031 3031 400 
3032 3032 426 
3033 3033 389 
3034 3034 394 
3035 3035 413 
3036 3036 402 
3037 3037 400 
3038 3038 382 
3039 3039 405 
3040 3040 375 
3041 3041 406 
3042 3042 406 
3043 3043 372 
3044 3044 377 
3045 3045 393 
3046 3046 399 
3047 3047 412 
3048 3048 377 
3049 3049 394 
3050 3050 395 
3051 3051 394 
3052 3052 386 
3053 3053 391 
3054 3054 386 
3055 3055 403 
3056 3056 384 
3057 3057 397 
3058 3058 409 
3059 3059 388 
3060 3060 400 
3061 3061 407 
3062 3062 396 
3063 3063 398 
3064 3064 403 
3065 3065 403 
3066 3066 386 
3067 3067 386 
3068 3068 374 
3069 3069 389 
3070 3070 402 
3071 3071 380 
3072 3072 406 
3073 3073 389 
3074 3074 386 
3075 3075 417 
3076 3076 389 
3077 3077 382 
3078 3078 399 
3079 3079 400 
3080 3080 384 
3081 3081 416 
3082 3082 394 
3083 3083 400 
3084 3084 384 
3085 3085 394 
3086 3086 383 
3087 3087 395 
3088 3088 409 
3089 3089 383 
3090 3090 389 
3091 3091 381 
3092 3092 392 
3093 3093 391 
3094 3094 415 
3095 3095 406 
3096 3096 418 
3097 3097 380 
3098 3098 389 
3099 3099 404 
3100 3100 393 
3101 3101 416 
3102 3102 389 
3103 3103 399 
3104 3104 370 
3105 3105 409 
3106 3106 406 
3107 3107 384 
3108 3108 408 
3109 3109 393 
3110 3110 398 
3111 3111 383 
3112 3112 403 
3113 3113 392 
3114 3114 400 
3115 3115 399 
3116 3116 396 
3117 3117 383 
3118 3118 415 
3119 3119 386 
3120 3120 382 
3121 3121 401 
3122 3122 407 
3123 3123 396 
3124 3124 404 
3125 3125 390 
3126 3126 383 
3127 3127 415 
3128 3128 384 
3129 3129 388 
3130 3130 406 
3131 3131 384 
3132 3132 386 
3133 3133 405 
3134 3134 403 
3135 3135 388 
3136 3136 409 
3137 3137 404 
3138 3138 389 
3139 3139 390 
3140 3140 391 
3141 3141 401 
3142 3142 379 
3143 3143 392 
3144 3144 407 
3145 3145 398 
3146 3146 395 
3147 3147 406 
3148 3148 397 
3149 3149 404 
3150 3150 394 
3151 3151 396 
3152 3152 391 
3153 3153 370 
3154 3154 385 
3155 3155 418 
3156 3156 389 
3157 3157 396 
3158 3158 404 
3159 3159 395 
3160 3160 377 
3161 3161 388 
3162 3162 392 
3163 3163 406 
3164 3164 385 
3165 3165 408 
3166 3166 388 
3167 3167 387 
3168 3168 389 
3169 3169 396 
3170 3170 405 
3171 3171 388 
3172 3172 377 
3173 3173 406 
3174 3174 403 
3175 3175 404 
3176 3176 390 
3177 3177 397 
3178 3178 424 
3179 3179 400 
3180 3180 400 
3181 3181 399 
3182 3182 386 
3183 3183 389 
3184 3184 390 
3185 3185 395 
3186 3186 393 
3187 3187 398 
3188 3188 390 
3189 3189 413 
3190 3190 405 
3191 3191 376 
3192 3192 397 
3193 3193 403 
3194 3194 413 
3195 3195 405 
3196 3196 405 
3197 3197 400 
3198 3198 374 
3199 3199 400 
3200 3200 423 
3201 3201 397 
3202 3202 390 
3203 3203 395 
3204 3204 417 
3205 3205 374 
3206 3206 388 
3207 3207 386 
3208 3208 409 
3209 3209 384 
3210 3210 417 
3211 3211 381 
3212 3212 392 
3213 3213 379 
3214 3214 385 
3215 3215 393 
3216 3216 405 
3217 3217 364 
3218 3218 377 
3219 3219 381 
3220 3220 428 
3221 3221 375 
3222 3222 394 
3223 3223 390 
3224 3224 399 
3225 3225 390 
3226 3226 391 
3227 3227 404 
3228 3228 375 
3229 3229 399 
3230 3230 385 
3231 3231 384 
3232 3232 377 
3233 3233 383 
3234 3234 392 
3235 3235 384 
3236 3236 405 
3237 3237 383 
3238 3238 397 
3239 3239 385 
3240 3240 396 
3241 3241 389 
3242 3242 389 
3243 3243 402 
3244 3244 406 
3245 3245 369 
3246 3246 398 
3247 3247 411 
3248 3248 395 
3249 3249 378 
3250 3250 403 
3251 3251 399 
3252 3252 407 
3253 3253 399 
3254 3254 389 
3255 3255 394 
3256 3256 371 
3257 3257 372 
3258 3258 385 
3259 3259 388 
3260 3260 408 
3261 3261 386 
3262 3262 396 
3263 3263 387 
3264 3264 392 
3265 3265 395 
3266 3266 403 
3267 3267 390 
3268 3268 372 
3269 3269 395 
3270 3270 396 
3271 3271 384 
3272 3272 406 
3273 3273 416 
3274 3274 393 
3275 3275 413 
3276 3276 396 
3277 3277 381 
3278 3278 385 
3279 3279 394 
3280 3280 401 
3281 3281 399 
3282 3282 386 
3283 3283 413 
3284 3284 399 
3285 3285 366 
3286 3286 396 
3287 3287 376 
3288 3288 396 
3289 3289 395 
3290 3290 386 
3291 3291 395 
3292 3292 401 
3293 3293 397 
3294 3294 384 
3295 3295 401 
3296 3296 415 
3297 3297 402 
3298 3298 387 
3299 3299 391 
3300 3300 412 
3301 3301 384 
3302 3302 392 
3303 3303 382 
3304 3304 414 
3305 3305 401 
3306 3306 397 
3307 3307 391 
3308 3308 390 
3309 3309 416 
3310 3310 391 
3311 3311 376 
3312 3312 390 
3313 3313 405 
3314 3314 389 
3315 3315 400 
3316 3316 376 
3317 3317 401 
3318 3318 367 
3319 3319 373 
3320 3320 384 
3321 3321 393 
3322 3322 371 
3323 3323 399 
3324 3324 390 
3325 3325 400 
3326 3326 396 
3327 3327 378 
3328 3328 409 
3329 3329 399 
3330 3330 390 
3331 3331 403 
3332 3332 389 
3333 3333 394 
3334 3334 383 
3335 3335 376 
3336 3336 399 
3337 3337 392 
3338 3338 390 
3339 3339 401 
3340 3340 411 
3341 3341 407 
3342 3342 386 
3343 3343 407 
3344 3344 377 
3345 3345 380 
3346 3346 411 
3347 3347 400 
3348 3348 397 
3349 3349 405 
3350 3350 409 
3351 3351 422 
3352 3352 397 
3353 3353 387 
3354 3354 390 
3355 3355 400 
3356 3356 391 
3357 3357 385 
3358 3358 386 
3359 3359 392 
3360 3360 399 
3361 3361 388 
3362 3362 382 
3363 3363 391 
3364 3364 385 
3365 3365 413 
3366 3366 399 
3367 3367 372 
3368 3368 389 
3369 3369 398 
3370 3370 384 
3371 3371 382 
3372 3372 384 
3373 3373 389 
3374 3374 392 
3375 3375 399 
3376 3376 410 
3377 3377 387 
3378 3378 383 
3379 3379 394 
3380 3380 392 
3381 3381 378 
3382 3382 395 
3383 3383 397 
3384 3384 391 
3385 3385 407 
3386 3386 399 
3387 3387 387 
3388 3388 389 
3389 3389 388 
3390 3390 367 
3391 3391 408 
3392 3392 383 
3393 3393 392 
3394 3394 390 
3395 3395 393 
3396 3396 389 
3397 3397 392 
3398 3398 401 
3399 3399 373 
3400 3400 406 
3401 3401 381 
3402 3402 403 
3403 3403 388 
3404 3404 393 
3405 3405 398 
3406 3406 385 
3407 3407 384 
3408 3408 375 
3409 3409 386 
3410 3410 405 
3411 3411 390 
3412 3412 370 
3413 3413 391 
3414 3414 419 
3415 3415 389 
3416 3416 416 
3417 3417 398 
3418 3418 370 
3419 3419 400 
3420 3420 371 
3421 3421 399 
3422 3422 382 
3423 3423 415 
3424 3424 370 
3425 3425 393 
3426 3426 382 
3427 3427 381 
3428 3428 406 
3429 3429 405 
3430 3430 385 
3431 3431 388 
3432 3432 378 
3433 3433 380 
3434 3434 382 
3435 3435 391 
3436 3436 391 
3437 3437 386 
3438 3438 398 
3439 3439 399 
3440 3440 387 
3441 3441 396 
3442 3442 383 
3443 3443 388 
3444 3444 377 
3445 3445 417 
3446 3446 379 
3447 3447 385 
3448 3448 403 
3449 3449 391 
3450 3450 396 
3451 3451 406 
3452 3452 393 
3453 3453 374 
3454 3454 381 
3455 3455 387 
3456 3456 394 
3457 3457 402 
3458 3458 391 
3459 3459 389 
3460 3460 389 
3461 3461 400 
3462 3462 388 
3463 3463 382 
3464 3464 389 
3465 3465 399 
3466 3466 402 
3467 3467 395 
3468 3468 385 
3469 3469 385 
3470 3470 379 
3471 3471 401 
3472 3472 395 
3473 3473 418 
3474 3474 391 
3475 3475 408 
3476 3476 380 
3477 3477 389 
3478 3478 412 
3479 3479 387 
3480 3480 398 
3481 3481 390 
3482 3482 376 
3483 3483 396 
3484 3484 382 
3485 3485 389 
3486 3486 399 
3487 3487 391 
3488 3488 375 
3489 3489 411 
3490 3490 390 
3491 3491 394 
3492 3492 388 
3493 3493 406 
3494 3494 397 
3495 3495 387 
3496 3496 390 
3497 3497 400 
3498 3498 402 
3499 3499 390 
3500 3500 402 
3501 3501 408 
3502 3502 378 
3503 3503 394 
3504 3504 391 
3505 3505 388 
3506 3506 417 
3507 3507 403 
3508 3508 393 
3509 3509 428 
3510 3510 384 
3511 3511 398 
3512 3512 401 
3513 3513 405 
3514 3514 390 
3515 3515 384 
3516 3516 391 
3517 3517 410 
3518 3518 377 
3519 3519 401 
3520 3520 364 
3521 3521 396 
3522 3522 403 
3523 3523 404 
3524 3524 388 
3525 3525 400 
3526 3526 404 
3527 3527 393 
3528 3528 397 
3529 3529 388 
3530 3530 403 
3531 3531 391 
3532 3532 394 
3533 3533 395 
3534 3534 402 
3535 3535 382 
3536 3536 380 
3537 3537 412 
3538 3538 402 
3539 3539 403 
3540 3540 404 
3541 3541 400 
3542 3542 393 
3543 3543 389 
3544 3544 384 
3545 3545 384 
3546 3546 388 
3547 3547 401 
3548 3548 388 
3549 3549 392 
3550 3550 377 
3551 3551 387 
3552 3552 396 
3553 3553 393 
3554 3554 399 
3555 3555 398 
3556 3556 390 
3557 3557 391 
3558 3558 390 
3559 3559 389 
3560 3560 392 
3561 3561 375 
3562 3562 392 
3563 3563 419 
3564 3564 393 
3565 3565 392 
3566 3566 391 
3567 3567 396 
3568 3568 406 
3569 3569 388 
3570 3570 405 
3571 3571 391 
3572 3572 418 
3573 3573 388 
3574 3574 397 
3575 3575 417 
3576 3576 416 
3577 3577 429 
3578 3578 386 
3579 3579 399 
3580 3580 391 
3581 3581 410 
3582 3582 385 
3583 3583 397 
3584 3584 373 
3585 3585 434 
3586 3586 382 
3587 3587 388 
3588 3588 387 
3589 3589 417 
3590 3590 410 
3591 3591 380 
3592 3592 385 
3593 3593 413 
3594 3594 417 
3595 3595 410 
3596 3596 399 
3597 3597 390 
3598 3598 387 
3599 3599 396 
3600 3600 383 
3601 3601 407 
3602 3602 378 
3603 3603 404 
3604 3604 394 
3605 3605 396 
3606 3606 396 
3607 3607 400 
3608 3608 401 
3609 3609 393 
3610 3610 387 
3611 3611 392 
3612 3612 387 
3613 3613 393 
3614 3614 388 
3615 3615 401 
3616 3616 391 
3617 3617 395 
3618 3618 395 
3619 3619 390 
3620 3620 394 
3621 3621 416 
3622 3622 383 
3623 3623 397 
3624 3624 390 
3625 3625 402 
3626 3626 376 
3627 3627 408 
3628 3628 370 
3629 3629 393 
3630 3630 383 
3631 3631 373 
3632 3632 406 
3633 3633 397 
3634 3634 396 
3635 3635 388 
3636 3636 382 
3637 3637 403 
3638 3638 405 
3639 3639 397 
3640 3640 391 
3641 3641 405 
3642 3642 379 
3643 3643 373 
3644 3644 398 
3645 3645 397 
3646 3646 396 
3647 3647 387