0 0 501 
1 1 572 
2 2 570 
3 3 610 
4 4 518 
5 5 542 
6 6 518 
7 7 492 
8 8 448 
9 9 464 
10 10 451 
11 11 470 
12 12 460 
13 13 468 
14 14 444 
15 15 502 
16 16 470 
17 17 469 
18 18 446 
19 19 456 
20 20 490 
21 21 480 
22 22 472 
23 23 490 
24 24 498 
25 25 534 
26 26 508 
27 27 520 
28 28 532 
29 29 541 
30 30 510 
31 31 494 
32 32 546 
33 33 607 
34 34 633 
35 35 596 
36 36 544 
37 37 561 
38 38 575 
39 39 568 
40 40 556 
41 41 580 
42 42 578 
43 43 565 
44 44 610 
45 45 636 
46 46 686 
47 47 717 
48 48 798 
49 49 954 
50 50 1248 
51 51 1563 
52 52 1848 
53 53 1924 
54 54 1804 
55 55 1650 
56 56 1518 
57 57 1460 
58 58 1308 
59 59 1220 
60 60 1128 
61 61 1098 
62 62 1038 
63 63 1036 
64 64 1044 
65 65 1056 
66 66 1039 
67 67 1122 
68 68 1199 
69 69 1210 
70 70 1194 
71 71 1162 
72 72 1160 
73 73 1243 
74 74 1306 
75 75 1346 
76 76 1301 
77 77 1202 
78 78 1198 
79 79 1150 
80 80 1114 
81 81 972 
82 82 828 
83 83 674 
84 84 620 
85 85 586 
86 86 578 
87 87 560 
88 88 510 
89 89 530 
90 90 539 
91 91 514 
92 92 532 
93 93 512 
94 94 538 
95 95 558 
96 96 644 
97 97 808 
98 98 994 
99 99 1177 
100 100 1332 
101 101 1306 
102 102 1252 
103 103 1190 
104 104 1226 
105 105 1278 
106 106 1264 
107 107 1090 
108 108 950 
109 109 814 
110 110 725 
111 111 614 
112 112 560 
113 113 548 
114 114 526 
115 115 558 
116 116 620 
117 117 688 
118 118 752 
119 119 746 
120 120 747 
121 121 784 
122 122 623 
123 123 515 
124 124 475 
125 125 464 
126 126 449 
127 127 480 
128 128 492 
129 129 458 
130 130 424 
131 131 467 
132 132 432 
133 133 438 
134 134 420 
135 135 456 
136 136 446 
137 137 449 
138 138 452 
139 139 449 
140 140 447 
141 141 434 
142 142 448 
143 143 458 
144 144 481 
145 145 462 
146 146 482 
147 147 451 
148 148 449 
149 149 461 
150 150 454 
151 151 448 
152 152 456 
153 153 462 
154 154 452 
155 155 454 
156 156 461 
157 157 486 
158 158 474 
159 159 460 
160 160 521 
161 161 510 
162 162 549 
163 163 599 
164 164 638 
165 165 600 
166 166 562 
167 167 536 
168 168 514 
169 169 508 
170 170 466 
171 171 466 
172 172 456 
173 173 463 
174 174 450 
175 175 448 
176 176 421 
177 177 434 
178 178 459 
179 179 456 
180 180 457 
181 181 442 
182 182 451 
183 183 438 
184 184 432 
185 185 439 
186 186 430 
187 187 444 
188 188 450 
189 189 448 
190 190 476 
191 191 454 
192 192 441 
193 193 456 
194 194 476 
195 195 434 
196 196 439 
197 197 470 
198 198 454 
199 199 476 
200 200 532 
201 201 568 
202 202 594 
203 203 604 
204 204 540 
205 205 512 
206 206 553 
207 207 508 
208 208 561 
209 209 534 
210 210 539 
211 211 492 
212 212 506 
213 213 471 
214 214 498 
215 215 459 
216 216 475 
217 217 462 
218 218 455 
219 219 458 
220 220 436 
221 221 434 
222 222 458 
223 223 452 
224 224 450 
225 225 450 
226 226 426 
227 227 462 
228 228 431 
229 229 469 
230 230 458 
231 231 450 
232 232 510 
233 233 504 
234 234 480 
235 235 458 
236 236 464 
237 237 452 
238 238 450 
239 239 461 
240 240 446 
241 241 450 
242 242 466 
243 243 444 
244 244 464 
245 245 458 
246 246 458 
247 247 531 
248 248 594 
249 249 735 
250 250 862 
251 251 982 
252 252 1033 
253 253 986 
254 254 778 
255 255 585 
256 256 578 
257 257 619 
258 258 492 
259 259 487 
260 260 471 
261 261 454 
262 262 440 
263 263 441 
264 264 429 
265 265 460 
266 266 466 
267 267 434 
268 268 430 
269 269 448 
270 270 438 
271 271 418 
272 272 437 
273 273 450 
274 274 431 
275 275 439 
276 276 455 
277 277 482 
278 278 448 
279 279 422 
280 280 444 
281 281 419 
282 282 430 
283 283 433 
284 284 442 
285 285 444 
286 286 448 
287 287 450 
288 288 438 
289 289 464 
290 290 448 
291 291 413 
292 292 425 
293 293 440 
294 294 418 
295 295 434 
296 296 441 
297 297 438 
298 298 416 
299 299 432 
300 300 434 
301 301 428 
302 302 422 
303 303 450 
304 304 428 
305 305 428 
306 306 460 
307 307 430 
308 308 431 
309 309 432 
310 310 446 
311 311 464 
312 312 479 
313 313 514 
314 314 534 
315 315 488 
316 316 453 
317 317 450 
318 318 438 
319 319 451 
320 320 452 
321 321 450 
322 322 441 
323 323 421 
324 324 428 
325 325 434 
326 326 420 
327 327 462 
328 328 425 
329 329 440 
330 330 436 
331 331 438 
332 332 423 
333 333 447 
334 334 426 
335 335 450 
336 336 464 
337 337 430 
338 338 433 
339 339 436 
340 340 436 
341 341 448 
342 342 424 
343 343 424 
344 344 439 
345 345 448 
346 346 421 
347 347 438 
348 348 422 
349 349 466 
350 350 448 
351 351 414 
352 352 433 
353 353 444 
354 354 435 
355 355 454 
356 356 426 
357 357 440 
358 358 416 
359 359 433 
360 360 433 
361 361 458 
362 362 450 
363 363 450 
364 364 461 
365 365 461 
366 366 450 
367 367 472 
368 368 440 
369 369 450 
370 370 428 
371 371 433 
372 372 476 
373 373 466 
374 374 484 
375 375 498 
376 376 506 
377 377 525 
378 378 546 
379 379 644 
380 380 838 
381 381 1148 
382 382 1588 
383 383 2300 
384 384 2978 
385 385 3224 
386 386 2748 
387 387 1872 
388 388 1402 
389 389 1323 
390 390 1226 
391 391 1062 
392 392 864 
393 393 748 
394 394 646 
395 395 596 
396 396 574 
397 397 561 
398 398 564 
399 399 564 
400 400 596 
401 401 618 
402 402 632 
403 403 596 
404 404 542 
405 405 528 
406 406 531 
407 407 504 
408 408 486 
409 409 506 
410 410 524 
411 411 498 
412 412 482 
413 413 486 
414 414 466 
415 415 482 
416 416 463 
417 417 448 
418 418 446 
419 419 440 
420 420 456 
421 421 480 
422 422 460 
423 423 492 
424 424 477 
425 425 488 
426 426 450 
427 427 463 
428 428 456 
429 429 478 
430 430 454 
431 431 474 
432 432 478 
433 433 474 
434 434 484 
435 435 474 
436 436 485 
437 437 522 
438 438 519 
439 439 488 
440 440 500 
441 441 495 
442 442 520 
443 443 561 
444 444 586 
445 445 692 
446 446 830 
447 447 1070 
448 448 1408 
449 449 1918 
450 450 2456 
451 451 2720 
452 452 2704 
453 453 2508 
454 454 2702 
455 455 3324 
456 456 3816 
457 457 4027 
458 458 3770 
459 459 2912 
460 460 2332 
461 461 2114 
462 462 2110 
463 463 1830 
464 464 1342 
465 465 1055 
466 466 852 
467 467 666 
468 468 608 
469 469 558 
470 470 548 
471 471 544 
472 472 586 
473 473 606 
474 474 634 
475 475 632 
476 476 642 
477 477 642 
478 478 638 
479 479 708 
480 480 724 
481 481 722 
482 482 708 
483 483 669 
484 484 708 
485 485 628 
486 486 574 
487 487 524 
488 488 517 
489 489 488 
490 490 464 
491 491 497 
492 492 498 
493 493 485 
494 494 470 
495 495 472 
496 496 466 
497 497 466 
498 498 446 
499 499 456 
500 500 458 
501 501 442 
502 502 456 
503 503 467 
504 504 443 
505 505 463 
506 506 464 
507 507 450 
508 508 443 
509 509 439 
510 510 434 
511 511 442 
512 512 457 
513 513 461 
514 514 438 
515 515 468 
516 516 453 
517 517 458 
518 518 461 
519 519 442 
520 520 450 
521 521 455 
522 522 458 
523 523 454 
524 524 452 
525 525 427 
526 526 433 
527 527 446 
528 528 429 
529 529 465 
530 530 438 
531 531 467 
532 532 463 
533 533 442 
534 534 440 
535 535 456 
536 536 448 
537 537 448 
538 538 440 
539 539 440 
540 540 460 
541 541 444 
542 542 470 
543 543 490 
544 544 440 
545 545 472 
546 546 486 
547 547 470 
548 548 466 
549 549 486 
550 550 475 
551 551 495 
552 552 490 
553 553 556 
554 554 638 
555 555 820 
556 556 1114 
557 557 1592 
558 558 2138 
559 559 2664 
560 560 2664 
561 561 1964 
562 562 1334 
563 563 1204 
564 564 1256 
565 565 962 
566 566 678 
567 567 588 
568 568 502 
569 569 505 
570 570 478 
571 571 478 
572 572 458 
573 573 464 
574 574 454 
575 575 446 
576 576 470 
577 577 462 
578 578 462 
579 579 465 
580 580 464 
581 581 448 
582 582 456 
583 583 446 
584 584 464 
585 585 489 
586 586 464 
587 587 475 
588 588 496 
589 589 462 
590 590 467 
591 591 448 
592 592 470 
593 593 456 
594 594 456 
595 595 464 
596 596 474 
597 597 454 
598 598 455 
599 599 483 
600 600 486 
601 601 483 
602 602 504 
603 603 550 
604 604 619 
605 605 748 
606 606 1023 
607 607 1241 
608 608 1525 
609 609 1564 
610 610 1405 
611 611 1158 
612 612 996 
613 613 938 
614 614 876 
615 615 676 
616 616 569 
617 617 521 
618 618 488 
619 619 468 
620 620 506 
621 621 500 
622 622 502 
623 623 518 
624 624 450 
625 625 444 
626 626 426 
627 627 452 
628 628 430 
629 629 435 
630 630 438 
631 631 440 
632 632 452 
633 633 465 
634 634 452 
635 635 452 
636 636 465 
637 637 452 
638 638 440 
639 639 456 
640 640 464 
641 641 456 
642 642 456 
643 643 473 
644 644 452 
645 645 494 
646 646 458 
647 647 466 
648 648 435 
649 649 426 
650 650 432 
651 651 439 
652 652 447 
653 653 468 
654 654 456 
655 655 428 
656 656 450 
657 657 450 
658 658 476 
659 659 440 
660 660 457 
661 661 466 
662 662 454 
663 663 474 
664 664 486 
665 665 548 
666 666 579 
667 667 667 
668 668 754 
669 669 752 
670 670 642 
671 671 522 
672 672 524 
673 673 543 
674 674 492 
675 675 452 
676 676 437 
677 677 478 
678 678 412 
679 679 422 
680 680 428 
681 681 443 
682 682 457 
683 683 444 
684 684 442 
685 685 458 
686 686 420 
687 687 463 
688 688 431 
689 689 442 
690 690 450 
691 691 462 
692 692 431 
693 693 472 
694 694 426 
695 695 474 
696 696 434 
697 697 432 
698 698 424 
699 699 430 
700 700 437 
701 701 434 
702 702 434 
703 703 452 
704 704 449 
705 705 452 
706 706 428 
707 707 446 
708 708 443 
709 709 464 
710 710 426 
711 711 430 
712 712 452 
713 713 473 
714 714 443 
715 715 473 
716 716 448 
717 717 488 
718 718 460 
719 719 492 
720 720 506 
721 721 502 
722 722 506 
723 723 495 
724 724 554 
725 725 555 
726 726 498 
727 727 510 
728 728 528 
729 729 540 
730 730 610 
731 731 708 
732 732 864 
733 733 1026 
734 734 1028 
735 735 961 
736 736 839 
737 737 716 
738 738 662 
739 739 591 
740 740 503 
741 741 488 
742 742 490 
743 743 476 
744 744 466 
745 745 474 
746 746 444 
747 747 454 
748 748 428 
749 749 483 
750 750 440 
751 751 488 
752 752 488 
753 753 512 
754 754 528 
755 755 483 
756 756 475 
757 757 470 
758 758 416 
759 759 467 
760 760 448 
761 761 445 
762 762 432 
763 763 430 
764 764 432 
765 765 430 
766 766 452 
767 767 444 
768 768 438 
769 769 439 
770 770 466 
771 771 434 
772 772 450 
773 773 458 
774 774 467 
775 775 480 
776 776 462 
777 777 444 
778 778 448 
779 779 426 
780 780 432 
781 781 426 
782 782 433 
783 783 458 
784 784 426 
785 785 467 
786 786 439 
787 787 481 
788 788 425 
789 789 439 
790 790 458 
791 791 419 
792 792 441 
793 793 459 
794 794 448 
795 795 444 
796 796 426 
797 797 453 
798 798 432 
799 799 442 
800 800 432 
801 801 464 
802 802 423 
803 803 454 
804 804 422 
805 805 428 
806 806 480 
807 807 447 
808 808 461 
809 809 464 
810 810 482 
811 811 484 
812 812 474 
813 813 510 
814 814 518 
815 815 582 
816 816 664 
817 817 776 
818 818 814 
819 819 868 
820 820 774 
821 821 658 
822 822 570 
823 823 549 
824 824 528 
825 825 500 
826 826 486 
827 827 490 
828 828 498 
829 829 528 
830 830 566 
831 831 568 
832 832 634 
833 833 618 
834 834 676 
835 835 608 
836 836 547 
837 837 550 
838 838 518 
839 839 546 
840 840 532 
841 841 533 
842 842 493 
843 843 492 
844 844 470 
845 845 440 
846 846 430 
847 847 450 
848 848 464 
849 849 432 
850 850 454 
851 851 448 
852 852 426 
853 853 458 
854 854 450 
855 855 468 
856 856 458 
857 857 466 
858 858 448 
859 859 476 
860 860 452 
861 861 460 
862 862 448 
863 863 463 
864 864 450 
865 865 459 
866 866 414 
867 867 424 
868 868 421 
869 869 472 
870 870 446 
871 871 440 
872 872 430 
873 873 462 
874 874 410 
875 875 434 
876 876 444 
877 877 436 
878 878 420 
879 879 440 
880 880 439 
881 881 436 
882 882 442 
883 883 434 
884 884 454 
885 885 438 
886 886 442 
887 887 434 
888 888 410 
889 889 460 
890 890 420 
891 891 440 
892 892 418 
893 893 476 
894 894 470 
895 895 432 
896 896 452 
897 897 449 
898 898 442 
899 899 440 
900 900 425 
901 901 454 
902 902 514 
903 903 552 
904 904 537 
905 905 497 
906 906 462 
907 907 474 
908 908 423 
909 909 414 
910 910 440 
911 911 430 
912 912 433 
913 913 429 
914 914 432 
915 915 432 
916 916 420 
917 917 460 
918 918 429 
919 919 458 
920 920 447 
921 921 444 
922 922 415 
923 923 422 
924 924 458 
925 925 430 
926 926 434 
927 927 450 
928 928 434 
929 929 438 
930 930 417 
931 931 412 
932 932 460 
933 933 430 
934 934 432 
935 935 434 
936 936 458 
937 937 451 
938 938 414 
939 939 441 
940 940 420 
941 941 432 
942 942 414 
943 943 426 
944 944 451 
945 945 444 
946 946 438 
947 947 447 
948 948 441 
949 949 425 
950 950 437 
951 951 432 
952 952 428 
953 953 426 
954 954 453 
955 955 465 
956 956 462 
957 957 472 
958 958 446 
959 959 460 
960 960 412 
961 961 436 
962 962 430 
963 963 444 
964 964 456 
965 965 455 
966 966 454 
967 967 452 
968 968 474 
969 969 488 
970 970 472 
971 971 482 
972 972 472 
973 973 484 
974 974 472 
975 975 448 
976 976 470 
977 977 437 
978 978 437 
979 979 458 
980 980 430 
981 981 453 
982 982 448 
983 983 440 
984 984 465 
985 985 445 
986 986 438 
987 987 458 
988 988 433 
989 989 430 
990 990 430 
991 991 435 
992 992 406 
993 993 415 
994 994 413 
995 995 440 
996 996 437 
997 997 422 
998 998 444 
999 999 450 
1000 1000 464 
1001 1001 432 
1002 1002 452 
1003 1003 439 
1004 1004 458 
1005 1005 448 
1006 1006 436 
1007 1007 451 
1008 1008 446 
1009 1009 468 
1010 1010 478 
1011 1011 446 
1012 1012 463 
1013 1013 448 
1014 1014 420 
1015 1015 427 
1016 1016 424 
1017 1017 433 
1018 1018 446 
1019 1019 446 
1020 1020 442 
1021 1021 456 
1022 1022 482 
1023 1023 544 
1024 1024 582 
1025 1025 584 
1026 1026 542 
1027 1027 494 
1028 1028 469 
1029 1029 460 
1030 1030 485 
1031 1031 464 
1032 1032 468 
1033 1033 448 
1034 1034 436 
1035 1035 462 
1036 1036 448 
1037 1037 444 
1038 1038 433 
1039 1039 446 
1040 1040 446 
1041 1041 414 
1042 1042 440 
1043 1043 480 
1044 1044 476 
1045 1045 498 
1046 1046 460 
1047 1047 514 
1048 1048 499 
1049 1049 540 
1050 1050 566 
1051 1051 636 
1052 1052 742 
1053 1053 850 
1054 1054 1002 
1055 1055 1224 
1056 1056 1372 
1057 1057 1411 
1058 1058 1071 
1059 1059 727 
1060 1060 672 
1061 1061 664 
1062 1062 675 
1063 1063 706 
1064 1064 852 
1065 1065 1084 
1066 1066 1380 
1067 1067 1747 
1068 1068 1983 
1069 1069 1876 
1070 1070 1386 
1071 1071 905 
1072 1072 818 
1073 1073 784 
1074 1074 582 
1075 1075 550 
1076 1076 494 
1077 1077 462 
1078 1078 445 
1079 1079 466 
1080 1080 450 
1081 1081 441 
1082 1082 444 
1083 1083 439 
1084 1084 450 
1085 1085 438 
1086 1086 428 
1087 1087 416 
1088 1088 409 
1089 1089 440 
1090 1090 449 
1091 1091 436 
1092 1092 414 
1093 1093 444 
1094 1094 427 
1095 1095 425 
1096 1096 420 
1097 1097 446 
1098 1098 430 
1099 1099 450 
1100 1100 456 
1101 1101 441 
1102 1102 468 
1103 1103 463 
1104 1104 434 
1105 1105 463 
1106 1106 440 
1107 1107 464 
1108 1108 477 
1109 1109 498 
1110 1110 539 
1111 1111 530 
1112 1112 504 
1113 1113 468 
1114 1114 466 
1115 1115 486 
1116 1116 445 
1117 1117 436 
1118 1118 434 
1119 1119 446 
1120 1120 473 
1121 1121 486 
1122 1122 464 
1123 1123 450 
1124 1124 442 
1125 1125 456 
1126 1126 428 
1127 1127 462 
1128 1128 474 
1129 1129 488 
1130 1130 472 
1131 1131 469 
1132 1132 472 
1133 1133 482 
1134 1134 462 
1135 1135 484 
1136 1136 467 
1137 1137 498 
1138 1138 452 
1139 1139 491 
1140 1140 472 
1141 1141 495 
1142 1142 474 
1143 1143 458 
1144 1144 478 
1145 1145 450 
1146 1146 466 
1147 1147 455 
1148 1148 457 
1149 1149 430 
1150 1150 408 
1151 1151 414 
1152 1152 429 
1153 1153 428 
1154 1154 436 
1155 1155 448 
1156 1156 442 
1157 1157 476 
1158 1158 434 
1159 1159 430 
1160 1160 470 
1161 1161 466 
1162 1162 474 
1163 1163 476 
1164 1164 465 
1165 1165 480 
1166 1166 444 
1167 1167 452 
1168 1168 472 
1169 1169 434 
1170 1170 466 
1171 1171 447 
1172 1172 438 
1173 1173 468 
1174 1174 428 
1175 1175 444 
1176 1176 476 
1177 1177 518 
1178 1178 488 
1179 1179 507 
1180 1180 513 
1181 1181 556 
1182 1182 592 
1183 1183 588 
1184 1184 574 
1185 1185 526 
1186 1186 472 
1187 1187 486 
1188 1188 463 
1189 1189 477 
1190 1190 444 
1191 1191 453 
1192 1192 456 
1193 1193 480 
1194 1194 436 
1195 1195 464 
1196 1196 470 
1197 1197 483 
1198 1198 482 
1199 1199 498 
1200 1200 574 
1201 1201 734 
1202 1202 930 
1203 1203 1288 
1204 1204 1726 
1205 1205 2123 
1206 1206 2294 
1207 1207 2142 
1208 1208 1686 
1209 1209 1200 
1210 1210 1104 
1211 1211 1130 
1212 1212 845 
1213 1213 654 
1214 1214 568 
1215 1215 526 
1216 1216 476 
1217 1217 460 
1218 1218 450 
1219 1219 457 
1220 1220 507 
1221 1221 494 
1222 1222 488 
1223 1223 480 
1224 1224 458 
1225 1225 470 
1226 1226 431 
1227 1227 470 
1228 1228 459 
1229 1229 461 
1230 1230 496 
1231 1231 480 
1232 1232 528 
1233 1233 628 
1234 1234 853 
1235 1235 1178 
1236 1236 1580 
1237 1237 1820 
1238 1238 1694 
1239 1239 1251 
1240 1240 814 
1241 1241 757 
1242 1242 782 
1243 1243 586 
1244 1244 544 
1245 1245 528 
1246 1246 450 
1247 1247 482 
1248 1248 472 
1249 1249 488 
1250 1250 442 
1251 1251 475 
1252 1252 462 
1253 1253 478 
1254 1254 432 
1255 1255 445 
1256 1256 446 
1257 1257 425 
1258 1258 423 
1259 1259 448 
1260 1260 458 
1261 1261 446 
1262 1262 434 
1263 1263 468 
1264 1264 458 
1265 1265 436 
1266 1266 425 
1267 1267 434 
1268 1268 452 
1269 1269 437 
1270 1270 434 
1271 1271 432 
1272 1272 434 
1273 1273 448 
1274 1274 442 
1275 1275 442 
1276 1276 466 
1277 1277 470 
1278 1278 446 
1279 1279 453 
1280 1280 458 
1281 1281 446 
1282 1282 447 
1283 1283 472 
1284 1284 458 
1285 1285 450 
1286 1286 443 
1287 1287 464 
1288 1288 460 
1289 1289 512 
1290 1290 500 
1291 1291 464 
1292 1292 450 
1293 1293 482 
1294 1294 458 
1295 1295 471 
1296 1296 438 
1297 1297 466 
1298 1298 442 
1299 1299 451 
1300 1300 438 
1301 1301 432 
1302 1302 442 
1303 1303 458 
1304 1304 420 
1305 1305 426 
1306 1306 432 
1307 1307 450 
1308 1308 451 
1309 1309 468 
1310 1310 428 
1311 1311 462 
1312 1312 451 
1313 1313 454 
1314 1314 425 
1315 1315 444 
1316 1316 426 
1317 1317 472 
1318 1318 416 
1319 1319 425 
1320 1320 462 
1321 1321 436 
1322 1322 436 
1323 1323 436 
1324 1324 430 
1325 1325 434 
1326 1326 466 
1327 1327 469 
1328 1328 469 
1329 1329 490 
1330 1330 456 
1331 1331 463 
1332 1332 432 
1333 1333 440 
1334 1334 454 
1335 1335 441 
1336 1336 455 
1337 1337 432 
1338 1338 458 
1339 1339 447 
1340 1340 428 
1341 1341 445 
1342 1342 426 
1343 1343 478 
1344 1344 460 
1345 1345 458 
1346 1346 470 
1347 1347 461 
1348 1348 476 
1349 1349 470 
1350 1350 469 
1351 1351 484 
1352 1352 459 
1353 1353 494 
1354 1354 474 
1355 1355 508 
1356 1356 496 
1357 1357 478 
1358 1358 478 
1359 1359 470 
1360 1360 442 
1361 1361 444 
1362 1362 456 
1363 1363 492 
1364 1364 514 
1365 1365 486 
1366 1366 445 
1367 1367 449 
1368 1368 442 
1369 1369 466 
1370 1370 448 
1371 1371 464 
1372 1372 468 
1373 1373 462 
1374 1374 480 
1375 1375 450 
1376 1376 473 
1377 1377 446 
1378 1378 440 
1379 1379 462 
1380 1380 436 
1381 1381 472 
1382 1382 450 
1383 1383 444 
1384 1384 452 
1385 1385 454 
1386 1386 442 
1387 1387 430 
1388 1388 414 
1389 1389 446 
1390 1390 436 
1391 1391 430 
1392 1392 454 
1393 1393 431 
1394 1394 430 
1395 1395 436 
1396 1396 425 
1397 1397 447 
1398 1398 412 
1399 1399 424 
1400 1400 438 
1401 1401 457 
1402 1402 428 
1403 1403 464 
1404 1404 450 
1405 1405 440 
1406 1406 428 
1407 1407 430 
1408 1408 436 
1409 1409 422 
1410 1410 414 
1411 1411 450 
1412 1412 413 
1413 1413 448 
1414 1414 423 
1415 1415 446 
1416 1416 458 
1417 1417 432 
1418 1418 420 
1419 1419 428 
1420 1420 440 
1421 1421 440 
1422 1422 426 
1423 1423 457 
1424 1424 434 
1425 1425 402 
1426 1426 440 
1427 1427 414 
1428 1428 428 
1429 1429 437 
1430 1430 471 
1431 1431 442 
1432 1432 434 
1433 1433 438 
1434 1434 418 
1435 1435 424 
1436 1436 438 
1437 1437 435 
1438 1438 442 
1439 1439 443 
1440 1440 418 
1441 1441 456 
1442 1442 449 
1443 1443 442 
1444 1444 437 
1445 1445 455 
1446 1446 422 
1447 1447 428 
1448 1448 454 
1449 1449 444 
1450 1450 450 
1451 1451 446 
1452 1452 427 
1453 1453 464 
1454 1454 436 
1455 1455 494 
1456 1456 471 
1457 1457 474 
1458 1458 498 
1459 1459 497 
1460 1460 550 
1461 1461 556 
1462 1462 620 
1463 1463 704 
1464 1464 876 
1465 1465 992 
1466 1466 1043 
1467 1467 986 
1468 1468 957 
1469 1469 863 
1470 1470 838 
1471 1471 726 
1472 1472 623 
1473 1473 511 
1474 1474 502 
1475 1475 488 
1476 1476 458 
1477 1477 458 
1478 1478 458 
1479 1479 456 
1480 1480 473 
1481 1481 446 
1482 1482 448 
1483 1483 439 
1484 1484 448 
1485 1485 442 
1486 1486 449 
1487 1487 448 
1488 1488 432 
1489 1489 426 
1490 1490 466 
1491 1491 452 
1492 1492 458 
1493 1493 472 
1494 1494 428 
1495 1495 444 
1496 1496 440 
1497 1497 436 
1498 1498 460 
1499 1499 474 
1500 1500 476 
1501 1501 524 
1502 1502 542 
1503 1503 576 
1504 1504 602 
1505 1505 558 
1506 1506 568 
1507 1507 493 
1508 1508 468 
1509 1509 503 
1510 1510 508 
1511 1511 458 
1512 1512 470 
1513 1513 472 
1514 1514 447 
1515 1515 459 
1516 1516 470 
1517 1517 440 
1518 1518 477 
1519 1519 464 
1520 1520 454 
1521 1521 462 
1522 1522 446 
1523 1523 472 
1524 1524 477 
1525 1525 505 
1526 1526 557 
1527 1527 700 
1528 1528 902 
1529 1529 1193 
1530 1530 1464 
1531 1531 1551 
1532 1532 1432 
1533 1533 1154 
1534 1534 928 
1535 1535 812 
1536 1536 724 
1537 1537 600 
1538 1538 519 
1539 1539 495 
1540 1540 445 
1541 1541 468 
1542 1542 449 
1543 1543 452 
1544 1544 437 
1545 1545 429 
1546 1546 461 
1547 1547 446 
1548 1548 434 
1549 1549 436 
1550 1550 434 
1551 1551 440 
1552 1552 448 
1553 1553 440 
1554 1554 442 
1555 1555 442 
1556 1556 467 
1557 1557 472 
1558 1558 432 
1559 1559 430 
1560 1560 440 
1561 1561 455 
1562 1562 445 
1563 1563 451 
1564 1564 428 
1565 1565 458 
1566 1566 458 
1567 1567 459 
1568 1568 457 
1569 1569 485 
1570 1570 522 
1571 1571 482 
1572 1572 474 
1573 1573 500 
1574 1574 460 
1575 1575 449 
1576 1576 448 
1577 1577 463 
1578 1578 462 
1579 1579 448 
1580 1580 466 
1581 1581 473 
1582 1582 479 
1583 1583 506 
1584 1584 490 
1585 1585 502 
1586 1586 504 
1587 1587 473 
1588 1588 485 
1589 1589 493 
1590 1590 468 
1591 1591 514 
1592 1592 480 
1593 1593 508 
1594 1594 498 
1595 1595 504 
1596 1596 486 
1597 1597 504 
1598 1598 487 
1599 1599 482 
1600 1600 490 
1601 1601 473 
1602 1602 473 
1603 1603 468 
1604 1604 476 
1605 1605 461 
1606 1606 484 
1607 1607 480 
1608 1608 502 
1609 1609 489 
1610 1610 507 
1611 1611 510 
1612 1612 574 
1613 1613 572 
1614 1614 561 
1615 1615 521 
1616 1616 504 
1617 1617 473 
1618 1618 514 
1619 1619 536 
1620 1620 549 
1621 1621 564 
1622 1622 562 
1623 1623 590 
1624 1624 596 
1625 1625 646 
1626 1626 672 
1627 1627 733 
1628 1628 755 
1629 1629 860 
1630 1630 952 
1631 1631 1074 
1632 1632 1133 
1633 1633 1180 
1634 1634 1204 
1635 1635 1096 
1636 1636 976 
1637 1637 818 
1638 1638 686 
1639 1639 571 
1640 1640 532 
1641 1641 518 
1642 1642 482 
1643 1643 489 
1644 1644 477 
1645 1645 482 
1646 1646 480 
1647 1647 470 
1648 1648 478 
1649 1649 438 
1650 1650 470 
1651 1651 438 
1652 1652 440 
1653 1653 474 
1654 1654 464 
1655 1655 446 
1656 1656 476 
1657 1657 484 
1658 1658 510 
1659 1659 515 
1660 1660 495 
1661 1661 506 
1662 1662 452 
1663 1663 456 
1664 1664 460 
1665 1665 479 
1666 1666 450 
1667 1667 438 
1668 1668 449 
1669 1669 419 
1670 1670 477 
1671 1671 448 
1672 1672 438 
1673 1673 462 
1674 1674 443 
1675 1675 442 
1676 1676 427 
1677 1677 454 
1678 1678 480 
1679 1679 474 
1680 1680 497 
1681 1681 536 
1682 1682 523 
1683 1683 496 
1684 1684 515 
1685 1685 528 
1686 1686 528 
1687 1687 558 
1688 1688 518 
1689 1689 515 
1690 1690 450 
1691 1691 475 
1692 1692 450 
1693 1693 480 
1694 1694 470 
1695 1695 472 
1696 1696 486 
1697 1697 473 
1698 1698 502 
1699 1699 508 
1700 1700 556 
1701 1701 601 
1702 1702 584 
1703 1703 643 
1704 1704 666 
1705 1705 732 
1706 1706 800 
1707 1707 876 
1708 1708 1034 
1709 1709 1182 
1710 1710 1283 
1711 1711 1228 
1712 1712 914 
1713 1713 712 
1714 1714 697 
1715 1715 682 
1716 1716 632 
1717 1717 683 
1718 1718 694 
1719 1719 634 
1720 1720 604 
1721 1721 516 
1722 1722 524 
1723 1723 506 
1724 1724 519 
1725 1725 460 
1726 1726 468 
1727 1727 473 
1728 1728 446 
1729 1729 487 
1730 1730 464 
1731 1731 444 
1732 1732 454 
1733 1733 458 
1734 1734 484 
1735 1735 460 
1736 1736 438 
1737 1737 457 
1738 1738 460 
1739 1739 446 
1740 1740 452 
1741 1741 476 
1742 1742 434 
1743 1743 450 
1744 1744 460 
1745 1745 472 
1746 1746 464 
1747 1747 454 
1748 1748 468 
1749 1749 454 
1750 1750 458 
1751 1751 471 
1752 1752 474 
1753 1753 474 
1754 1754 486 
1755 1755 488 
1756 1756 474 
1757 1757 478 
1758 1758 466 
1759 1759 485 
1760 1760 489 
1761 1761 452 
1762 1762 463 
1763 1763 470 
1764 1764 450 
1765 1765 442 
1766 1766 462 
1767 1767 439 
1768 1768 462 
1769 1769 436 
1770 1770 440 
1771 1771 433 
1772 1772 436 
1773 1773 485 
1774 1774 479 
1775 1775 481 
1776 1776 544 
1777 1777 620 
1778 1778 754 
1779 1779 940 
1780 1780 1166 
1781 1781 1244 
1782 1782 1108 
1783 1783 838 
1784 1784 644 
1785 1785 652 
1786 1786 568 
1787 1787 509 
1788 1788 487 
1789 1789 472 
1790 1790 470 
1791 1791 502 
1792 1792 485 
1793 1793 520 
1794 1794 520 
1795 1795 499 
1796 1796 468 
1797 1797 457 
1798 1798 432 
1799 1799 440 
1800 1800 474 
1801 1801 454 
1802 1802 429 
1803 1803 445 
1804 1804 433 
1805 1805 436 
1806 1806 434 
1807 1807 418 
1808 1808 430 
1809 1809 463 
1810 1810 433 
1811 1811 436 
1812 1812 435 
1813 1813 442 
1814 1814 422 
1815 1815 454 
1816 1816 430 
1817 1817 430 
1818 1818 444 
1819 1819 460 
1820 1820 469 
1821 1821 442 
1822 1822 418 
1823 1823 445 
1824 1824 441 
1825 1825 434 
1826 1826 425 
1827 1827 423 
1828 1828 434 
1829 1829 412 
1830 1830 410 
1831 1831 442 
1832 1832 437 
1833 1833 426 
1834 1834 474 
1835 1835 428 
1836 1836 476 
1837 1837 460 
1838 1838 450 
1839 1839 450 
1840 1840 440 
1841 1841 466 
1842 1842 442 
1843 1843 438 
1844 1844 459 
1845 1845 492 
1846 1846 425 
1847 1847 442 
1848 1848 430 
1849 1849 424 
1850 1850 463 
1851 1851 461 
1852 1852 458 
1853 1853 468 
1854 1854 477 
1855 1855 476 
1856 1856 538 
1857 1857 514 
1858 1858 518 
1859 1859 474 
1860 1860 470 
1861 1861 466 
1862 1862 452 
1863 1863 440 
1864 1864 465 
1865 1865 468 
1866 1866 444 
1867 1867 422 
1868 1868 423 
1869 1869 448 
1870 1870 437 
1871 1871 478 
1872 1872 440 
1873 1873 444 
1874 1874 454 
1875 1875 442 
1876 1876 447 
1877 1877 458 
1878 1878 459 
1879 1879 485 
1880 1880 459 
1881 1881 486 
1882 1882 489 
1883 1883 476 
1884 1884 472 
1885 1885 496 
1886 1886 462 
1887 1887 470 
1888 1888 480 
1889 1889 470 
1890 1890 457 
1891 1891 446 
1892 1892 474 
1893 1893 494 
1894 1894 462 
1895 1895 473 
1896 1896 462 
1897 1897 464 
1898 1898 430 
1899 1899 456 
1900 1900 464 
1901 1901 464 
1902 1902 490 
1903 1903 491 
1904 1904 506 
1905 1905 519 
1906 1906 561 
1907 1907 524 
1908 1908 582 
1909 1909 620 
1910 1910 576 
1911 1911 526 
1912 1912 500 
1913 1913 510 
1914 1914 458 
1915 1915 494 
1916 1916 480 
1917 1917 468 
1918 1918 462 
1919 1919 466 
1920 1920 424 
1921 1921 461 
1922 1922 482 
1923 1923 486 
1924 1924 466 
1925 1925 496 
1926 1926 494 
1927 1927 503 
1928 1928 520 
1929 1929 500 
1930 1930 472 
1931 1931 499 
1932 1932 470 
1933 1933 490 
1934 1934 476 
1935 1935 476 
1936 1936 472 
1937 1937 454 
1938 1938 446 
1939 1939 440 
1940 1940 468 
1941 1941 484 
1942 1942 444 
1943 1943 462 
1944 1944 446 
1945 1945 440 
1946 1946 451 
1947 1947 462 
1948 1948 452 
1949 1949 465 
1950 1950 482 
1951 1951 476 
1952 1952 498 
1953 1953 488 
1954 1954 492 
1955 1955 446 
1956 1956 468 
1957 1957 490 
1958 1958 459 
1959 1959 474 
1960 1960 467 
1961 1961 450 
1962 1962 460 
1963 1963 430 
1964 1964 479 
1965 1965 432 
1966 1966 438 
1967 1967 438 
1968 1968 426 
1969 1969 470 
1970 1970 454 
1971 1971 447 
1972 1972 449 
1973 1973 465 
1974 1974 438 
1975 1975 433 
1976 1976 434 
1977 1977 436 
1978 1978 420 
1979 1979 454 
1980 1980 414 
1981 1981 441 
1982 1982 446 
1983 1983 452 
1984 1984 436 
1985 1985 447 
1986 1986 450 
1987 1987 432 
1988 1988 427 
1989 1989 458 
1990 1990 460 
1991 1991 446 
1992 1992 466 
1993 1993 438 
1994 1994 460 
1995 1995 442 
1996 1996 443 
1997 1997 490 
1998 1998 447 
1999 1999 452 
2000 2000 491 
2001 2001 461 
2002 2002 456 
2003 2003 462 
2004 2004 454 
2005 2005 488 
2006 2006 468 
2007 2007 468 
2008 2008 508 
2009 2009 512 
2010 2010 548 
2011 2011 572 
2012 2012 612 
2013 2013 632 
2014 2014 698 
2015 2015 733 
2016 2016 756 
2017 2017 690 
2018 2018 620 
2019 2019 564 
2020 2020 562 
2021 2021 534 
2022 2022 494 
2023 2023 492 
2024 2024 491 
2025 2025 449 
2026 2026 446 
2027 2027 456 
2028 2028 458 
2029 2029 462 
2030 2030 484 
2031 2031 483 
2032 2032 478 
2033 2033 470 
2034 2034 454 
2035 2035 466 
2036 2036 468 
2037 2037 512 
2038 2038 532 
2039 2039 578 
2040 2040 699 
2041 2041 903 
2042 2042 1146 
2043 2043 1323 
2044 2044 1407 
2045 2045 1212 
2046 2046 1008 
2047 2047 832 
2048 2048 817 
2049 2049 769 
2050 2050 648 
2051 2051 583 
2052 2052 566 
2053 2053 522 
2054 2054 475 
2055 2055 470 
2056 2056 471 
2057 2057 489 
2058 2058 482 
2059 2059 472 
2060 2060 463 
2061 2061 475 
2062 2062 485 
2063 2063 442 
2064 2064 458 
2065 2065 466 
2066 2066 479 
2067 2067 462 
2068 2068 439 
2069 2069 438 
2070 2070 451 
2071 2071 446 
2072 2072 424 
2073 2073 418 
2074 2074 439 
2075 2075 434 
2076 2076 442 
2077 2077 476 
2078 2078 418 
2079 2079 442 
2080 2080 422 
2081 2081 429 
2082 2082 428 
2083 2083 410 
2084 2084 410 
2085 2085 426 
2086 2086 452 
2087 2087 453 
2088 2088 466 
2089 2089 459 
2090 2090 440 
2091 2091 418 
2092 2092 434 
2093 2093 447 
2094 2094 428 
2095 2095 420 
2096 2096 442 
2097 2097 438 
2098 2098 414 
2099 2099 421 
2100 2100 423 
2101 2101 464 
2102 2102 460 
2103 2103 461 
2104 2104 474 
2105 2105 446 
2106 2106 433 
2107 2107 422 
2108 2108 426 
2109 2109 424 
2110 2110 438 
2111 2111 437 
2112 2112 420 
2113 2113 424 
2114 2114 405 
2115 2115 432 
2116 2116 444 
2117 2117 424 
2118 2118 424 
2119 2119 442 
2120 2120 432 
2121 2121 478 
2122 2122 431 
2123 2123 444 
2124 2124 424 
2125 2125 418 
2126 2126 418 
2127 2127 450 
2128 2128 428 
2129 2129 434 
2130 2130 411 
2131 2131 421 
2132 2132 424 
2133 2133 460 
2134 2134 439 
2135 2135 444 
2136 2136 438 
2137 2137 430 
2138 2138 450 
2139 2139 429 
2140 2140 442 
2141 2141 448 
2142 2142 446 
2143 2143 450 
2144 2144 453 
2145 2145 419 
2146 2146 440 
2147 2147 418 
2148 2148 412 
2149 2149 424 
2150 2150 429 
2151 2151 418 
2152 2152 436 
2153 2153 444 
2154 2154 464 
2155 2155 444 
2156 2156 464 
2157 2157 445 
2158 2158 488 
2159 2159 496 
2160 2160 550 
2161 2161 548 
2162 2162 540 
2163 2163 486 
2164 2164 481 
2165 2165 460 
2166 2166 450 
2167 2167 444 
2168 2168 450 
2169 2169 434 
2170 2170 446 
2171 2171 448 
2172 2172 448 
2173 2173 468 
2174 2174 452 
2175 2175 471 
2176 2176 440 
2177 2177 438 
2178 2178 424 
2179 2179 438 
2180 2180 429 
2181 2181 418 
2182 2182 436 
2183 2183 450 
2184 2184 440 
2185 2185 452 
2186 2186 446 
2187 2187 438 
2188 2188 440 
2189 2189 495 
2190 2190 526 
2191 2191 618 
2192 2192 791 
2193 2193 964 
2194 2194 1142 
2195 2195 1260 
2196 2196 1290 
2197 2197 1271 
2198 2198 1208 
2199 2199 999 
2200 2200 738 
2201 2201 702 
2202 2202 651 
2203 2203 539 
2204 2204 486 
2205 2205 459 
2206 2206 482 
2207 2207 454 
2208 2208 449 
2209 2209 466 
2210 2210 454 
2211 2211 468 
2212 2212 417 
2213 2213 486 
2214 2214 444 
2215 2215 436 
2216 2216 452 
2217 2217 449 
2218 2218 430 
2219 2219 445 
2220 2220 434 
2221 2221 438 
2222 2222 444 
2223 2223 458 
2224 2224 431 
2225 2225 462 
2226 2226 461 
2227 2227 466 
2228 2228 446 
2229 2229 449 
2230 2230 474 
2231 2231 476 
2232 2232 464 
2233 2233 500 
2234 2234 488 
2235 2235 464 
2236 2236 502 
2237 2237 466 
2238 2238 482 
2239 2239 512 
2240 2240 553 
2241 2241 679 
2242 2242 830 
2243 2243 1043 
2244 2244 1282 
2245 2245 1240 
2246 2246 1013 
2247 2247 726 
2248 2248 672 
2249 2249 784 
2250 2250 646 
2251 2251 524 
2252 2252 516 
2253 2253 458 
2254 2254 434 
2255 2255 440 
2256 2256 417 
2257 2257 430 
2258 2258 422 
2259 2259 447 
2260 2260 430 
2261 2261 458 
2262 2262 432 
2263 2263 460 
2264 2264 437 
2265 2265 432 
2266 2266 424 
2267 2267 420 
2268 2268 404 
2269 2269 437 
2270 2270 432 
2271 2271 438 
2272 2272 418 
2273 2273 430 
2274 2274 429 
2275 2275 440 
2276 2276 417 
2277 2277 448 
2278 2278 430 
2279 2279 418 
2280 2280 445 
2281 2281 444 
2282 2282 434 
2283 2283 427 
2284 2284 406 
2285 2285 427 
2286 2286 430 
2287 2287 418 
2288 2288 420 
2289 2289 448 
2290 2290 446 
2291 2291 424 
2292 2292 412 
2293 2293 413 
2294 2294 424 
2295 2295 408 
2296 2296 429 
2297 2297 416 
2298 2298 438 
2299 2299 468 
2300 2300 418 
2301 2301 438 
2302 2302 436 
2303 2303 431 
2304 2304 441 
2305 2305 404 
2306 2306 433 
2307 2307 454 
2308 2308 432 
2309 2309 464 
2310 2310 430 
2311 2311 439 
2312 2312 413 
2313 2313 466 
2314 2314 439 
2315 2315 430 
2316 2316 422 
2317 2317 440 
2318 2318 436 
2319 2319 440 
2320 2320 424 
2321 2321 422 
2322 2322 434 
2323 2323 424 
2324 2324 411 
2325 2325 443 
2326 2326 428 
2327 2327 442 
2328 2328 413 
2329 2329 433 
2330 2330 430 
2331 2331 438 
2332 2332 438 
2333 2333 422 
2334 2334 452 
2335 2335 414 
2336 2336 430 
2337 2337 444 
2338 2338 439 
2339 2339 430 
2340 2340 454 
2341 2341 448 
2342 2342 426 
2343 2343 408 
2344 2344 418 
2345 2345 439 
2346 2346 416 
2347 2347 428 
2348 2348 418 
2349 2349 439 
2350 2350 440 
2351 2351 428 
2352 2352 439 
2353 2353 439 
2354 2354 450 
2355 2355 446 
2356 2356 412 
2357 2357 452 
2358 2358 442 
2359 2359 451 
2360 2360 422 
2361 2361 414 
2362 2362 410 
2363 2363 430 
2364 2364 418 
2365 2365 434 
2366 2366 422 
2367 2367 422 
2368 2368 418 
2369 2369 431 
2370 2370 410 
2371 2371 444 
2372 2372 450 
2373 2373 436 
2374 2374 432 
2375 2375 421 
2376 2376 438 
2377 2377 432 
2378 2378 433 
2379 2379 442 
2380 2380 436 
2381 2381 426 
2382 2382 440 
2383 2383 451 
2384 2384 423 
2385 2385 434 
2386 2386 424 
2387 2387 414 
2388 2388 430 
2389 2389 435 
2390 2390 442 
2391 2391 454 
2392 2392 429 
2393 2393 434 
2394 2394 434 
2395 2395 422 
2396 2396 442 
2397 2397 424 
2398 2398 394 
2399 2399 438 
2400 2400 416 
2401 2401 430 
2402 2402 428 
2403 2403 440 
2404 2404 430 
2405 2405 442 
2406 2406 446 
2407 2407 432 
2408 2408 423 
2409 2409 426 
2410 2410 423 
2411 2411 435 
2412 2412 440 
2413 2413 424 
2414 2414 436 
2415 2415 430 
2416 2416 434 
2417 2417 460 
2418 2418 408 
2419 2419 424 
2420 2420 418 
2421 2421 416 
2422 2422 412 
2423 2423 431 
2424 2424 408 
2425 2425 425 
2426 2426 448 
2427 2427 450 
2428 2428 434 
2429 2429 461 
2430 2430 436 
2431 2431 446 
2432 2432 456 
2433 2433 468 
2434 2434 482 
2435 2435 480 
2436 2436 478 
2437 2437 505 
2438 2438 480 
2439 2439 461 
2440 2440 462 
2441 2441 456 
2442 2442 439 
2443 2443 435 
2444 2444 436 
2445 2445 458 
2446 2446 443 
2447 2447 442 
2448 2448 442 
2449 2449 440 
2450 2450 428 
2451 2451 447 
2452 2452 430 
2453 2453 432 
2454 2454 424 
2455 2455 440 
2456 2456 444 
2457 2457 446 
2458 2458 411 
2459 2459 432 
2460 2460 458 
2461 2461 412 
2462 2462 437 
2463 2463 434 
2464 2464 440 
2465 2465 476 
2466 2466 454 
2467 2467 468 
2468 2468 496 
2469 2469 502 
2470 2470 588 
2471 2471 676 
2472 2472 796 
2473 2473 809 
2474 2474 672 
2475 2475 568 
2476 2476 496 
2477 2477 551 
2478 2478 522 
2479 2479 484 
2480 2480 472 
2481 2481 460 
2482 2482 456 
2483 2483 473 
2484 2484 466 
2485 2485 468 
2486 2486 456 
2487 2487 472 
2488 2488 478 
2489 2489 480 
2490 2490 510 
2491 2491 563 
2492 2492 694 
2493 2493 867 
2494 2494 1165 
2495 2495 1322 
2496 2496 1272 
2497 2497 1148 
2498 2498 1054 
2499 2499 950 
2500 2500 868 
2501 2501 796 
2502 2502 762 
2503 2503 690 
2504 2504 662 
2505 2505 558 
2506 2506 522 
2507 2507 510 
2508 2508 466 
2509 2509 473 
2510 2510 484 
2511 2511 448 
2512 2512 470 
2513 2513 506 
2514 2514 481 
2515 2515 477 
2516 2516 494 
2517 2517 494 
2518 2518 456 
2519 2519 496 
2520 2520 462 
2521 2521 491 
2522 2522 481 
2523 2523 493 
2524 2524 516 
2525 2525 592 
2526 2526 649 
2527 2527 700 
2528 2528 632 
2529 2529 533 
2530 2530 548 
2531 2531 513 
2532 2532 550 
2533 2533 607 
2534 2534 726 
2535 2535 766 
2536 2536 748 
2537 2537 653 
2538 2538 528 
2539 2539 521 
2540 2540 530 
2541 2541 478 
2542 2542 442 
2543 2543 482 
2544 2544 462 
2545 2545 450 
2546 2546 424 
2547 2547 444 
2548 2548 412 
2549 2549 456 
2550 2550 472 
2551 2551 441 
2552 2552 423 
2553 2553 443 
2554 2554 435 
2555 2555 422 
2556 2556 430 
2557 2557 432 
2558 2558 444 
2559 2559 435 
2560 2560 430 
2561 2561 436 
2562 2562 426 
2563 2563 446 
2564 2564 450 
2565 2565 428 
2566 2566 414 
2567 2567 427 
2568 2568 451 
2569 2569 428 
2570 2570 448 
2571 2571 446 
2572 2572 430 
2573 2573 448 
2574 2574 451 
2575 2575 458 
2576 2576 447 
2577 2577 460 
2578 2578 438 
2579 2579 436 
2580 2580 441 
2581 2581 446 
2582 2582 428 
2583 2583 452 
2584 2584 409 
2585 2585 466 
2586 2586 438 
2587 2587 416 
2588 2588 429 
2589 2589 454 
2590 2590 438 
2591 2591 434 
2592 2592 437 
2593 2593 447 
2594 2594 433 
2595 2595 442 
2596 2596 449 
2597 2597 435 
2598 2598 416 
2599 2599 466 
2600 2600 442 
2601 2601 438 
2602 2602 464 
2603 2603 476 
2604 2604 520 
2605 2605 557 
2606 2606 592 
2607 2607 538 
2608 2608 493 
2609 2609 478 
2610 2610 492 
2611 2611 489 
2612 2612 474 
2613 2613 448 
2614 2614 467 
2615 2615 450 
2616 2616 433 
2617 2617 442 
2618 2618 455 
2619 2619 474 
2620 2620 464 
2621 2621 466 
2622 2622 482 
2623 2623 484 
2624 2624 480 
2625 2625 501 
2626 2626 492 
2627 2627 520 
2628 2628 542 
2629 2629 586 
2630 2630 555 
2631 2631 586 
2632 2632 616 
2633 2633 638 
2634 2634 684 
2635 2635 748 
2636 2636 878 
2637 2637 901 
2638 2638 1037 
2639 2639 1151 
2640 2640 1370 
2641 2641 1578 
2642 2642 1806 
2643 2643 1991 
2644 2644 2188 
2645 2645 2076 
2646 2646 1772 
2647 2647 1424 
2648 2648 1211 
2649 2649 995 
2650 2650 826 
2651 2651 705 
2652 2652 706 
2653 2653 563 
2654 2654 535 
2655 2655 534 
2656 2656 502 
2657 2657 508 
2658 2658 462 
2659 2659 486 
2660 2660 458 
2661 2661 470 
2662 2662 444 
2663 2663 486 
2664 2664 454 
2665 2665 466 
2666 2666 466 
2667 2667 458 
2668 2668 484 
2669 2669 436 
2670 2670 438 
2671 2671 442 
2672 2672 468 
2673 2673 486 
2674 2674 440 
2675 2675 477 
2676 2676 452 
2677 2677 465 
2678 2678 443 
2679 2679 456 
2680 2680 431 
2681 2681 478 
2682 2682 440 
2683 2683 461 
2684 2684 430 
2685 2685 460 
2686 2686 462 
2687 2687 452 
2688 2688 444 
2689 2689 569 
2690 2690 453 
2691 2691 451 
2692 2692 426 
2693 2693 459 
2694 2694 468 
2695 2695 471 
2696 2696 474 
2697 2697 495 
2698 2698 484 
2699 2699 485 
2700 2700 552 
2701 2701 569 
2702 2702 563 
2703 2703 636 
2704 2704 698 
2705 2705 796 
2706 2706 908 
2707 2707 979 
2708 2708 934 
2709 2709 862 
2710 2710 736 
2711 2711 650 
2712 2712 606 
2713 2713 564 
2714 2714 554 
2715 2715 506 
2716 2716 516 
2717 2717 494 
2718 2718 482 
2719 2719 478 
2720 2720 485 
2721 2721 484 
2722 2722 455 
2723 2723 473 
2724 2724 484 
2725 2725 496 
2726 2726 451 
2727 2727 480 
2728 2728 483 
2729 2729 505 
2730 2730 516 
2731 2731 544 
2732 2732 624 
2733 2733 702 
2734 2734 913 
2735 2735 1115 
2736 2736 1524 
2737 2737 2138 
2738 2738 2992 
2739 2739 3840 
2740 2740 4582 
2741 2741 5214 
2742 2742 5760 
2743 2743 6136 
2744 2744 6000 
2745 2745 4566 
2746 2746 2934 
2747 2747 2137 
2748 2748 1734 
2749 2749 1288 
2750 2750 976 
2751 2751 850 
2752 2752 656 
2753 2753 590 
2754 2754 522 
2755 2755 523 
2756 2756 479 
2757 2757 468 
2758 2758 449 
2759 2759 470 
2760 2760 455 
2761 2761 470 
2762 2762 460 
2763 2763 464 
2764 2764 446 
2765 2765 464 
2766 2766 439 
2767 2767 474 
2768 2768 485 
2769 2769 503 
2770 2770 472 
2771 2771 446 
2772 2772 441 
2773 2773 446 
2774 2774 440 
2775 2775 448 
2776 2776 481 
2777 2777 472 
2778 2778 488 
2779 2779 510 
2780 2780 598 
2781 2781 622 
2782 2782 660 
2783 2783 635 
2784 2784 544 
2785 2785 506 
2786 2786 520 
2787 2787 499 
2788 2788 510 
2789 2789 502 
2790 2790 496 
2791 2791 556 
2792 2792 625 
2793 2793 683 
2794 2794 718 
2795 2795 825 
2796 2796 854 
2797 2797 856 
2798 2798 874 
2799 2799 802 
2800 2800 889 
2801 2801 914 
2802 2802 962 
2803 2803 898 
2804 2804 668 
2805 2805 565 
2806 2806 537 
2807 2807 540 
2808 2808 513 
2809 2809 477 
2810 2810 452 
2811 2811 442 
2812 2812 426 
2813 2813 440 
2814 2814 451 
2815 2815 451 
2816 2816 445 
2817 2817 424 
2818 2818 436 
2819 2819 426 
2820 2820 430 
2821 2821 434 
2822 2822 436 
2823 2823 444 
2824 2824 409 
2825 2825 441 
2826 2826 419 
2827 2827 432 
2828 2828 435 
2829 2829 450 
2830 2830 456 
2831 2831 424 
2832 2832 414 
2833 2833 434 
2834 2834 431 
2835 2835 432 
2836 2836 444 
2837 2837 442 
2838 2838 448 
2839 2839 442 
2840 2840 440 
2841 2841 452 
2842 2842 446 
2843 2843 454 
2844 2844 432 
2845 2845 432 
2846 2846 440 
2847 2847 436 
2848 2848 418 
2849 2849 425 
2850 2850 416 
2851 2851 440 
2852 2852 457 
2853 2853 448 
2854 2854 421 
2855 2855 445 
2856 2856 451 
2857 2857 442 
2858 2858 433 
2859 2859 430 
2860 2860 428 
2861 2861 434 
2862 2862 438 
2863 2863 441 
2864 2864 443 
2865 2865 440 
2866 2866 412 
2867 2867 487 
2868 2868 418 
2869 2869 419 
2870 2870 448 
2871 2871 452 
2872 2872 452 
2873 2873 452 
2874 2874 447 
2875 2875 468 
2876 2876 460 
2877 2877 456 
2878 2878 453 
2879 2879 448 
2880 2880 472 
2881 2881 462 
2882 2882 456 
2883 2883 457 
2884 2884 440 
2885 2885 447 
2886 2886 496 
2887 2887 524 
2888 2888 522 
2889 2889 612 
2890 2890 664 
2891 2891 732 
2892 2892 766 
2893 2893 755 
2894 2894 750 
2895 2895 740 
2896 2896 655 
2897 2897 641 
2898 2898 606 
2899 2899 562 
2900 2900 566 
2901 2901 518 
2902 2902 512 
2903 2903 472 
2904 2904 436 
2905 2905 448 
2906 2906 469 
2907 2907 453 
2908 2908 456 
2909 2909 430 
2910 2910 434 
2911 2911 448 
2912 2912 446 
2913 2913 437 
2914 2914 452 
2915 2915 446 
2916 2916 430 
2917 2917 444 
2918 2918 435 
2919 2919 449 
2920 2920 408 
2921 2921 438 
2922 2922 450 
2923 2923 412 
2924 2924 437 
2925 2925 468 
2926 2926 439 
2927 2927 432 
2928 2928 429 
2929 2929 441 
2930 2930 430 
2931 2931 451 
2932 2932 438 
2933 2933 484 
2934 2934 502 
2935 2935 580 
2936 2936 692 
2937 2937 856 
2938 2938 933 
2939 2939 842 
2940 2940 684 
2941 2941 558 
2942 2942 532 
2943 2943 516 
2944 2944 478 
2945 2945 472 
2946 2946 451 
2947 2947 496 
2948 2948 492 
2949 2949 478 
2950 2950 488 
2951 2951 466 
2952 2952 498 
2953 2953 506 
2954 2954 596 
2955 2955 712 
2956 2956 795 
2957 2957 850 
2958 2958 795 
2959 2959 752 
2960 2960 792 
2961 2961 749 
2962 2962 607 
2963 2963 503 
2964 2964 486 
2965 2965 438 
2966 2966 437 
2967 2967 444 
2968 2968 447 
2969 2969 436 
2970 2970 438 
2971 2971 460 
2972 2972 428 
2973 2973 437 
2974 2974 423 
2975 2975 462 
2976 2976 462 
2977 2977 474 
2978 2978 486 
2979 2979 512 
2980 2980 514 
2981 2981 505 
2982 2982 484 
2983 2983 487 
2984 2984 440 
2985 2985 446 
2986 2986 436 
2987 2987 437 
2988 2988 441 
2989 2989 444 
2990 2990 467 
2991 2991 434 
2992 2992 452 
2993 2993 440 
2994 2994 425 
2995 2995 450 
2996 2996 432 
2997 2997 428 
2998 2998 409 
2999 2999 450 
3000 3000 440 
3001 3001 464 
3002 3002 441 
3003 3003 416 
3004 3004 449 
3005 3005 424 
3006 3006 429 
3007 3007 438 
3008 3008 440 
3009 3009 418 
3010 3010 437 
3011 3011 438 
3012 3012 460 
3013 3013 438 
3014 3014 438 
3015 3015 419 
3016 3016 428 
3017 3017 429 
3018 3018 446 
3019 3019 462 
3020 3020 462 
3021 3021 513 
3022 3022 517 
3023 3023 522 
3024 3024 477 
3025 3025 488 
3026 3026 451 
3027 3027 440 
3028 3028 432 
3029 3029 425 
3030 3030 421 
3031 3031 446 
3032 3032 464 
3033 3033 433 
3034 3034 438 
3035 3035 456 
3036 3036 431 
3037 3037 449 
3038 3038 432 
3039 3039 476 
3040 3040 430 
3041 3041 454 
3042 3042 438 
3043 3043 424 
3044 3044 436 
3045 3045 430 
3046 3046 448 
3047 3047 434 
3048 3048 417 
3049 3049 437 
3050 3050 452 
3051 3051 413 
3052 3052 441 
3053 3053 442 
3054 3054 432 
3055 3055 434 
3056 3056 428 
3057 3057 445 
3058 3058 446 
3059 3059 424 
3060 3060 446 
3061 3061 451 
3062 3062 438 
3063 3063 432 
3064 3064 438 
3065 3065 434 
3066 3066 446 
3067 3067 441 
3068 3068 430 
3069 3069 446 
3070 3070 443 
3071 3071 450 
3072 3072 452 
3073 3073 464 
3074 3074 459 
3075 3075 478 
3076 3076 497 
3077 3077 495 
3078 3078 508 
3079 3079 480 
3080 3080 481 
3081 3081 483 
3082 3082 462 
3083 3083 459 
3084 3084 449 
3085 3085 437 
3086 3086 432 
3087 3087 444 
3088 3088 464 
3089 3089 430 
3090 3090 462 
3091 3091 444 
3092 3092 430 
3093 3093 443 
3094 3094 474 
3095 3095 467 
3096 3096 457 
3097 3097 446 
3098 3098 460 
3099 3099 472 
3100 3100 446 
3101 3101 474 
3102 3102 436 
3103 3103 448 
3104 3104 446 
3105 3105 478 
3106 3106 438 
3107 3107 432 
3108 3108 456 
3109 3109 456 
3110 3110 434 
3111 3111 435 
3112 3112 453 
3113 3113 446 
3114 3114 474 
3115 3115 458 
3116 3116 482 
3117 3117 414 
3118 3118 449 
3119 3119 482 
3120 3120 458 
3121 3121 474 
3122 3122 489 
3123 3123 471 
3124 3124 480 
3125 3125 492 
3126 3126 491 
3127 3127 539 
3128 3128 594 
3129 3129 604 
3130 3130 727 
3131 3131 859 
3132 3132 1032 
3133 3133 1260 
3134 3134 1456 
3135 3135 1560 
3136 3136 1514 
3137 3137 1409 
3138 3138 1335 
3139 3139 1242 
3140 3140 1177 
3141 3141 1055 
3142 3142 948 
3143 3143 786 
3144 3144 724 
3145 3145 646 
3146 3146 606 
3147 3147 572 
3148 3148 558 
3149 3149 583 
3150 3150 550 
3151 3151 546 
3152 3152 558 
3153 3153 504 
3154 3154 520 
3155 3155 509 
3156 3156 490 
3157 3157 506 
3158 3158 494 
3159 3159 497 
3160 3160 457 
3161 3161 466 
3162 3162 466 
3163 3163 477 
3164 3164 456 
3165 3165 456 
3166 3166 460 
3167 3167 466 
3168 3168 464 
3169 3169 475 
3170 3170 484 
3171 3171 524 
3172 3172 500 
3173 3173 568 
3174 3174 538 
3175 3175 562 
3176 3176 514 
3177 3177 516 
3178 3178 522 
3179 3179 515 
3180 3180 516 
3181 3181 606 
3182 3182 706 
3183 3183 705 
3184 3184 643 
3185 3185 573 
3186 3186 635 
3187 3187 663 
3188 3188 696 
3189 3189 681 
3190 3190 666 
3191 3191 580 
3192 3192 560 
3193 3193 566 
3194 3194 538 
3195 3195 521 
3196 3196 518 
3197 3197 512 
3198 3198 522 
3199 3199 530 
3200 3200 642 
3201 3201 662 
3202 3202 777 
3203 3203 784 
3204 3204 743 
3205 3205 586 
3206 3206 549 
3207 3207 564 
3208 3208 553 
3209 3209 524 
3210 3210 552 
3211 3211 558 
3212 3212 634 
3213 3213 696 
3214 3214 760 
3215 3215 854 
3216 3216 994 
3217 3217 1230 
3218 3218 1861 
3219 3219 2846 
3220 3220 4686 
3221 3221 7162 
3222 3222 10450 
3223 3223 13042 
3224 3224 13512 
3225 3225 11172 
3226 3226 6873 
3227 3227 4644 
3228 3228 4438 
3229 3229 3471 
3230 3230 2202 
3231 3231 1654 
3232 3232 1044 
3233 3233 868 
3234 3234 718 
3235 3235 572 
3236 3236 578 
3237 3237 532 
3238 3238 522 
3239 3239 478 
3240 3240 502 
3241 3241 497 
3242 3242 530 
3243 3243 556 
3244 3244 620 
3245 3245 719 
3246 3246 916 
3247 3247 1126 
3248 3248 1311 
3249 3249 1300 
3250 3250 1206 
3251 3251 1005 
3252 3252 871 
3253 3253 685 
3254 3254 642 
3255 3255 640 
3256 3256 518 
3257 3257 480 
3258 3258 488 
3259 3259 452 
3260 3260 448 
3261 3261 446 
3262 3262 460 
3263 3263 464 
3264 3264 461 
3265 3265 462 
3266 3266 458 
3267 3267 434 
3268 3268 452 
3269 3269 444 
3270 3270 442 
3271 3271 444 
3272 3272 466 
3273 3273 462 
3274 3274 454 
3275 3275 466 
3276 3276 464 
3277 3277 450 
3278 3278 464 
3279 3279 478 
3280 3280 484 
3281 3281 480 
3282 3282 522 
3283 3283 492 
3284 3284 539 
3285 3285 516 
3286 3286 550 
3287 3287 564 
3288 3288 693 
3289 3289 953 
3290 3290 1508 
3291 3291 2282 
3292 3292 3388 
3293 3293 4522 
3294 3294 5286 
3295 3295 4792 
3296 3296 3320 
3297 3297 2095 
3298 3298 2038 
3299 3299 1892 
3300 3300 1298 
3301 3301 961 
3302 3302 692 
3303 3303 555 
3304 3304 554 
3305 3305 474 
3306 3306 490 
3307 3307 450 
3308 3308 446 
3309 3309 458 
3310 3310 458 
3311 3311 434 
3312 3312 425 
3313 3313 434 
3314 3314 458 
3315 3315 468 
3316 3316 434 
3317 3317 442 
3318 3318 435 
3319 3319 424 
3320 3320 450 
3321 3321 438 
3322 3322 419 
3323 3323 416 
3324 3324 444 
3325 3325 451 
3326 3326 426 
3327 3327 442 
3328 3328 438 
3329 3329 412 
3330 3330 440 
3331 3331 442 
3332 3332 424 
3333 3333 438 
3334 3334 423 
3335 3335 423 
3336 3336 430 
3337 3337 413 
3338 3338 442 
3339 3339 428 
3340 3340 456 
3341 3341 424 
3342 3342 440 
3343 3343 448 
3344 3344 437 
3345 3345 428 
3346 3346 429 
3347 3347 455 
3348 3348 420 
3349 3349 442 
3350 3350 432 
3351 3351 486 
3352 3352 440 
3353 3353 433 
3354 3354 434 
3355 3355 447 
3356 3356 444 
3357 3357 446 
3358 3358 418 
3359 3359 440 
3360 3360 430 
3361 3361 433 
3362 3362 442 
3363 3363 460 
3364 3364 436 
3365 3365 448 
3366 3366 464 
3367 3367 448 
3368 3368 440 
3369 3369 478 
3370 3370 461 
3371 3371 457 
3372 3372 461 
3373 3373 438 
3374 3374 437 
3375 3375 447 
3376 3376 448 
3377 3377 452 
3378 3378 430 
3379 3379 432 
3380 3380 448 
3381 3381 443 
3382 3382 432 
3383 3383 446 
3384 3384 446 
3385 3385 452 
3386 3386 442 
3387 3387 432 
3388 3388 433 
3389 3389 433 
3390 3390 416 
3391 3391 449 
3392 3392 440 
3393 3393 424 
3394 3394 436 
3395 3395 454 
3396 3396 440 
3397 3397 438 
3398 3398 449 
3399 3399 429 
3400 3400 412 
3401 3401 443 
3402 3402 456 
3403 3403 436 
3404 3404 408 
3405 3405 410 
3406 3406 418 
3407 3407 438 
3408 3408 408 
3409 3409 436 
3410 3410 432 
3411 3411 421 
3412 3412 416 
3413 3413 436 
3414 3414 448 
3415 3415 425 
3416 3416 466 
3417 3417 436 
3418 3418 426 
3419 3419 418 
3420 3420 438 
3421 3421 433 
3422 3422 434 
3423 3423 458 
3424 3424 422 
3425 3425 452 
3426 3426 444 
3427 3427 440 
3428 3428 450 
3429 3429 444 
3430 3430 422 
3431 3431 414 
3432 3432 425 
3433 3433 454 
3434 3434 420 
3435 3435 434 
3436 3436 440 
3437 3437 452 
3438 3438 444 
3439 3439 442 
3440 3440 450 
3441 3441 446 
3442 3442 442 
3443 3443 445 
3444 3444 448 
3445 3445 474 
3446 3446 421 
3447 3447 452 
3448 3448 457 
3449 3449 438 
3450 3450 436 
3451 3451 450 
3452 3452 436 
3453 3453 425 
3454 3454 434 
3455 3455 436 
3456 3456 436 
3457 3457 424 
3458 3458 432 
3459 3459 452 
3460 3460 426 
3461 3461 450 
3462 3462 437 
3463 3463 462 
3464 3464 462 
3465 3465 446 
3466 3466 448 
3467 3467 424 
3468 3468 436 
3469 3469 442 
3470 3470 426 
3471 3471 451 
3472 3472 432 
3473 3473 516 
3474 3474 427 
3475 3475 440 
3476 3476 440 
3477 3477 434 
3478 3478 432 
3479 3479 434 
3480 3480 443 
3481 3481 440 
3482 3482 430 
3483 3483 445 
3484 3484 448 
3485 3485 432 
3486 3486 447 
3487 3487 456 
3488 3488 474 
3489 3489 537 
3490 3490 537 
3491 3491 483 
3492 3492 471 
3493 3493 456 
3494 3494 451 
3495 3495 432 
3496 3496 437 
3497 3497 446 
3498 3498 458 
3499 3499 424 
3500 3500 424 
3501 3501 472 
3502 3502 424 
3503 3503 424 
3504 3504 436 
3505 3505 450 
3506 3506 464 
3507 3507 478 
3508 3508 455 
3509 3509 492 
3510 3510 484 
3511 3511 508 
3512 3512 493 
3513 3513 500 
3514 3514 490 
3515 3515 460 
3516 3516 479 
3517 3517 488 
3518 3518 461 
3519 3519 462 
3520 3520 436 
3521 3521 476 
3522 3522 454 
3523 3523 456 
3524 3524 441 
3525 3525 430 
3526 3526 442 
3527 3527 464 
3528 3528 453 
3529 3529 472 
3530 3530 436 
3531 3531 444 
3532 3532 471 
3533 3533 458 
3534 3534 452 
3535 3535 446 
3536 3536 438 
3537 3537 452 
3538 3538 450 
3539 3539 448 
3540 3540 442 
3541 3541 419 
3542 3542 444 
3543 3543 434 
3544 3544 435 
3545 3545 415 
3546 3546 436 
3547 3547 432 
3548 3548 431 
3549 3549 438 
3550 3550 460 
3551 3551 454 
3552 3552 431 
3553 3553 448 
3554 3554 424 
3555 3555 438 
3556 3556 430 
3557 3557 434 
3558 3558 456 
3559 3559 448 
3560 3560 454 
3561 3561 446 
3562 3562 476 
3563 3563 554 
3564 3564 608 
3565 3565 565 
3566 3566 528 
3567 3567 465 
3568 3568 470 
3569 3569 456 
3570 3570 456 
3571 3571 486 
3572 3572 504 
3573 3573 518 
3574 3574 520 
3575 3575 528 
3576 3576 500 
3577 3577 520 
3578 3578 458 
3579 3579 464 
3580 3580 453 
3581 3581 466 
3582 3582 442 
3583 3583 438 
3584 3584 430 
3585 3585 462 
3586 3586 437 
3587 3587 419 
3588 3588 422 
3589 3589 458 
3590 3590 442 
3591 3591 416 
3592 3592 459 
3593 3593 439 
3594 3594 464 
3595 3595 435 
3596 3596 437 
3597 3597 450 
3598 3598 438 
3599 3599 442 
3600 3600 460 
3601 3601 442 
3602 3602 445 
3603 3603 453 
3604 3604 438 
3605 3605 474 
3606 3606 466 
3607 3607 456 
3608 3608 465 
3609 3609 440 
3610 3610 438 
3611 3611 440 
3612 3612 449 
3613 3613 454 
3614 3614 463 
3615 3615 448 
3616 3616 462 
3617 3617 442 
3618 3618 430 
3619 3619 443 
3620 3620 458 
3621 3621 488 
3622 3622 484 
3623 3623 504 
3624 3624 508 
3625 3625 521 
3626 3626 522 
3627 3627 578 
3628 3628 606 
3629 3629 740 
3630 3630 966 
3631 3631 1339 
3632 3632 1871 
3633 3633 2568 
3634 3634 3244 
3635 3635 3558 
3636 3636 3246 
3637 3637 2448 
3638 3638 1832 
3639 3639 1802 
3640 3640 1793 
3641 3641 1468 
3642 3642 1243 
3643 3643 1128 
3644 3644 1209 
3645 3645 1402 
3646 3646 1832 
3647 3647 2574