0 0 10149 
1 1 9873 
2 2 9970 
3 3 9641 
4 4 9702 
5 5 9930 
6 6 9763 
7 7 9652 
8 8 9720 
9 9 9549 
10 10 9827 
11 11 10020 
12 12 9651 
13 13 9666 
14 14 9734 
15 15 9807 
16 16 9595 
17 17 9670 
18 18 9806 
19 19 9687 
20 20 9887 
21 21 9609 
22 22 9781 
23 23 9646 
24 24 9777 
25 25 9755 
26 26 9753 
27 27 9684 
28 28 9806 
29 29 9722 
30 30 9905 
31 31 9808 
32 32 9771 
33 33 9982 
34 34 9785 
35 35 9759 
36 36 9602 
37 37 9921 
38 38 9868 
39 39 9734 
40 40 9802 
41 41 9764 
42 42 9644 
43 43 9901 
44 44 9794 
45 45 9699 
46 46 9636 
47 47 9776 
48 48 9854 
49 49 9696 
50 50 9741 
51 51 9786 
52 52 9822 
53 53 9675 
54 54 9672 
55 55 9661 
56 56 9799 
57 57 9763 
58 58 9743 
59 59 9772 
60 60 9680 
61 61 9676 
62 62 9549 
63 63 9731 
64 64 9718 
65 65 9694 
66 66 9769 
67 67 9673 
68 68 9618 
69 69 9824 
70 70 9726 
71 71 9545 
72 72 9397 
73 73 9635 
74 74 9704 
75 75 9761 
76 76 9591 
77 77 9619 
78 78 9815 
79 79 9734 
80 80 9805 
81 81 9673 
82 82 9806 
83 83 9631 
84 84 9560 
85 85 9528 
86 86 9761 
87 87 9834 
88 88 9490 
89 89 9593 
90 90 9587 
91 91 9549 
92 92 9845 
93 93 9654 
94 94 9794 
95 95 9791 
96 96 9631 
97 97 9600 
98 98 9691 
99 99 9576 
100 100 9655 
101 101 9593 
102 102 9521 
103 103 9724 
104 104 9483 
105 105 9649 
106 106 9644 
107 107 9633 
108 108 9656 
109 109 9593 
110 110 9525 
111 111 9723 
112 112 9668 
113 113 9597 
114 114 9627 
115 115 9729 
116 116 9478 
117 117 9518 
118 118 9563 
119 119 9480 
120 120 9703 
121 121 9734 
122 122 9643 
123 123 9981 
124 124 9651 
125 125 9716 
126 126 9842 
127 127 9604 
128 128 9737 
129 129 9489 
130 130 9628 
131 131 9603 
132 132 9508 
133 133 9666 
134 134 9502 
135 135 9813 
136 136 9684 
137 137 9623 
138 138 9822 
139 139 9708 
140 140 9616 
141 141 9606 
142 142 9567 
143 143 9661 
144 144 9481 
145 145 9477 
146 146 9613 
147 147 9600 
148 148 9770 
149 149 9619 
150 150 9743 
151 151 9960 
152 152 9561 
153 153 9527 
154 154 9611 
155 155 9626 
156 156 9861 
157 157 9790 
158 158 9511 
159 159 9778 
160 160 9554 
161 161 9683 
162 162 9877 
163 163 9663 
164 164 9805 
165 165 9294 
166 166 9573 
167 167 9562 
168 168 9473 
169 169 9613 
170 170 9587 
171 171 9422 
172 172 9500 
173 173 9508 
174 174 9711 
175 175 9640 
176 176 9514 
177 177 9462 
178 178 9585 
179 179 9537 
180 180 9602 
181 181 9497 
182 182 9951 
183 183 9421 
184 184 9365 
185 185 9712 
186 186 9498 
187 187 9545 
188 188 9669 
189 189 9342 
190 190 9707 
191 191 9548 
192 192 9395 
193 193 9707 
194 194 9519 
195 195 9499 
196 196 9570 
197 197 9545 
198 198 9624 
199 199 9470 
200 200 9441 
201 201 9364 
202 202 9351 
203 203 9384 
204 204 9408 
205 205 9200 
206 206 9039 
207 207 8569 
208 208 8808 
209 209 8687 
210 210 9152 
211 211 8800 
212 212 9499 
213 213 9817 
214 214 9697 
215 215 9451 
216 216 9451 
217 217 9652 
218 218 9396 
219 219 9602 
220 220 9364 
221 221 9497 
222 222 9657 
223 223 9454 
224 224 9291 
225 225 9449 
226 226 9560 
227 227 9444 
228 228 9340 
229 229 9394 
230 230 9453 
231 231 9375 
232 232 9400 
233 233 9429 
234 234 9716 
235 235 9432 
236 236 9710 
237 237 9451 
238 238 9647 
239 239 9647 
240 240 9217 
241 241 9347 
242 242 9648 
243 243 9652 
244 244 9590 
245 245 9429 
246 246 9318 
247 247 9532 
248 248 9280 
249 249 9554 
250 250 9330 
251 251 9294 
252 252 9388 
253 253 9402 
254 254 9537 
255 255 9544 
256 256 9602 
257 257 9329 
258 258 9465 
259 259 9513 
260 260 9366 
261 261 9314 
262 262 9462 
263 263 9357 
264 264 9301 
265 265 9165 
266 266 9415 
267 267 9515 
268 268 9216 
269 269 9399 
270 270 9424 
271 271 9475 
272 272 9298 
273 273 9508 
274 274 9563 
275 275 9525 
276 276 9481 
277 277 9345 
278 278 9544 
279 279 9470 
280 280 9225 
281 281 9460 
282 282 9316 
283 283 9605 
284 284 9319 
285 285 9261 
286 286 9376 
287 287 9456 
288 288 9375 
289 289 9205 
290 290 9215 
291 291 9360 
292 292 9520 
293 293 9266 
294 294 9454 
295 295 9664 
296 296 9253 
297 297 9344 
298 298 9479 
299 299 9340 
300 300 9373 
301 301 9519 
302 302 9332 
303 303 9499 
304 304 9290 
305 305 9274 
306 306 9498 
307 307 9325 
308 308 9464 
309 309 9258 
310 310 9461 
311 311 9323 
312 312 9272 
313 313 9177 
314 314 9463 
315 315 9479 
316 316 9207 
317 317 9372 
318 318 9438 
319 319 9350 
320 320 9558 
321 321 9313 
322 322 9399 
323 323 9240 
324 324 9367 
325 325 9299 
326 326 9319 
327 327 9456 
328 328 9189 
329 329 9398 
330 330 9321 
331 331 9335 
332 332 9479 
333 333 9536 
334 334 9535 
335 335 9373 
336 336 9346 
337 337 9282 
338 338 9428 
339 339 9293 
340 340 9380 
341 341 9437 
342 342 9537 
343 343 9354 
344 344 9215 
345 345 9332 
346 346 9350 
347 347 9277 
348 348 9377 
349 349 9247 
350 350 9325 
351 351 9435 
352 352 9333 
353 353 9288 
354 354 9581 
355 355 9468 
356 356 9336 
357 357 9249 
358 358 9297 
359 359 9638 
360 360 9134 
361 361 9432 
362 362 9324 
363 363 9349 
364 364 9248 
365 365 9401 
366 366 9301 
367 367 10411 
368 368 9229 
369 369 9417 
370 370 9329 
371 371 9317 
372 372 9210 
373 373 9346 
374 374 9415 
375 375 9374 
376 376 9250 
377 377 9383 
378 378 9477 
379 379 9504 
380 380 9285 
381 381 9602 
382 382 9392 
383 383 9453 
384 384 9456 
385 385 9292 
386 386 9356 
387 387 9205 
388 388 9306 
389 389 9161 
390 390 9379 
391 391 9797 
392 392 9345 
393 393 9218 
394 394 9283 
395 395 9493 
396 396 9419 
397 397 9297 
398 398 9429 
399 399 9462 
400 400 9300 
401 401 9480 
402 402 9467 
403 403 9333 
404 404 9420 
405 405 9264 
406 406 9750 
407 407 9430 
408 408 9295 
409 409 9528 
410 410 9546 
411 411 9655 
412 412 9363 
413 413 9361 
414 414 9539 
415 415 9542 
416 416 9481 
417 417 9461 
418 418 9486 
419 419 9401 
420 420 9382 
421 421 9534 
422 422 9322 
423 423 9748 
424 424 9509 
425 425 9361 
426 426 9242 
427 427 9266 
428 428 9400 
429 429 9714 
430 430 9344 
431 431 9420 
432 432 9522 
433 433 9276 
434 434 9451 
435 435 9367 
436 436 9593 
437 437 9426 
438 438 9494 
439 439 9545 
440 440 9495 
441 441 9524 
442 442 9258 
443 443 9519 
444 444 9322 
445 445 9415 
446 446 9273 
447 447 9290 
448 448 9482 
449 449 10033 
450 450 9340 
451 451 9285 
452 452 9596 
453 453 9453 
454 454 9388 
455 455 9139 
456 456 9306 
457 457 9276 
458 458 9251 
459 459 9471 
460 460 9512 
461 461 9427 
462 462 9276 
463 463 9359 
464 464 9269 
465 465 9666 
466 466 9367 
467 467 9483 
468 468 9437 
469 469 9290 
470 470 9210 
471 471 9200 
472 472 9425 
473 473 9530 
474 474 9395 
475 475 9296 
476 476 9534 
477 477 9282 
478 478 9294 
479 479 9302 
480 480 9444 
481 481 9310 
482 482 9151 
483 483 9494 
484 484 9463 
485 485 9563 
486 486 9365 
487 487 9393 
488 488 9340 
489 489 9389 
490 490 9265 
491 491 9335 
492 492 9294 
493 493 9575 
494 494 9331 
495 495 9321 
496 496 9576 
497 497 9437 
498 498 9446 
499 499 9386 
500 500 9282 
501 501 9295 
502 502 9606 
503 503 9742 
504 504 9576 
505 505 9290 
506 506 9338 
507 507 9260 
508 508 9295 
509 509 9308 
510 510 9390 
511 511 9327 
512 512 9234 
513 513 9299 
514 514 9254 
515 515 9378 
516 516 9330 
517 517 9434 
518 518 9563 
519 519 9349 
520 520 9315 
521 521 9463 
522 522 9291 
523 523 9320 
524 524 9422 
525 525 9201 
526 526 9214 
527 527 9400 
528 528 9261 
529 529 9375 
530 530 9192 
531 531 9251 
532 532 9324 
533 533 9477 
534 534 9230 
535 535 9290 
536 536 9248 
537 537 9357 
538 538 9255 
539 539 9250 
540 540 9271 
541 541 9237 
542 542 9372 
543 543 9496 
544 544 9337 
545 545 9211 
546 546 9183 
547 547 9438 
548 548 9132 
549 549 9297 
550 550 9532 
551 551 9264 
552 552 9315 
553 553 9289 
554 554 9344 
555 555 9209 
556 556 9327 
557 557 9478 
558 558 9343 
559 559 9344 
560 560 9324 
561 561 9356 
562 562 9322 
563 563 9415 
564 564 9444 
565 565 9517 
566 566 9319 
567 567 9446 
568 568 9140 
569 569 9170 
570 570 9214 
571 571 9368 
572 572 9457 
573 573 9213 
574 574 9494 
575 575 9407 
576 576 9284 
577 577 9297 
578 578 9405 
579 579 9207 
580 580 9316 
581 581 9323 
582 582 9546 
583 583 9212 
584 584 9314 
585 585 9335 
586 586 9328 
587 587 9073 
588 588 9206 
589 589 9171 
590 590 9335 
591 591 9360 
592 592 9385 
593 593 9116 
594 594 9328 
595 595 9181 
596 596 9371 
597 597 9421 
598 598 9196 
599 599 9184 
600 600 9314 
601 601 9200 
602 602 9144 
603 603 9271 
604 604 9406 
605 605 9132 
606 606 9430 
607 607 9208 
608 608 9226 
609 609 9258 
610 610 9442 
611 611 9393 
612 612 9239 
613 613 9251 
614 614 9138 
615 615 9352 
616 616 9210 
617 617 9341 
618 618 9399 
619 619 9281 
620 620 9291 
621 621 9383 
622 622 9276 
623 623 9516 
624 624 9284 
625 625 9321 
626 626 9317 
627 627 9531 
628 628 9167 
629 629 9120 
630 630 9229 
631 631 9160 
632 632 9275 
633 633 9155 
634 634 9243 
635 635 9086 
636 636 9278 
637 637 9240 
638 638 9121 
639 639 9452 
640 640 9236 
641 641 9461 
642 642 9242 
643 643 9361 
644 644 9281 
645 645 9154 
646 646 9164 
647 647 9310 
648 648 9141 
649 649 9145 
650 650 9217 
651 651 9096 
652 652 9271 
653 653 9439 
654 654 9202 
655 655 9187 
656 656 9398 
657 657 9087 
658 658 9298 
659 659 9222 
660 660 9127 
661 661 9187 
662 662 9159 
663 663 9365 
664 664 9363 
665 665 9170 
666 666 9271 
667 667 9195 
668 668 9265 
669 669 9252 
670 670 9153 
671 671 9010 
672 672 9450 
673 673 9257 
674 674 9233 
675 675 9420 
676 676 9235 
677 677 9412 
678 678 9170 
679 679 9361 
680 680 9223 
681 681 9460 
682 682 9054 
683 683 9299 
684 684 9409 
685 685 9283 
686 686 9172 
687 687 9401 
688 688 9199 
689 689 9270 
690 690 9329 
691 691 9308 
692 692 9309 
693 693 9216 
694 694 9187 
695 695 9242 
696 696 9388 
697 697 9472 
698 698 9351 
699 699 9347 
700 700 9187 
701 701 9242 
702 702 9482 
703 703 9312 
704 704 9097 
705 705 9345 
706 706 9083 
707 707 9155 
708 708 9007 
709 709 9278 
710 710 9001 
711 711 9139 
712 712 9103 
713 713 9121 
714 714 9050 
715 715 9136 
716 716 9033 
717 717 9027 
718 718 8968 
719 719 9119 
720 720 9455 
721 721 9293 
722 722 9459 
723 723 9144 
724 724 9205 
725 725 9326 
726 726 8985 
727 727 9236 
728 728 9150 
729 729 9224 
730 730 9178 
731 731 9220 
732 732 9077 
733 733 9195 
734 734 9321 
735 735 9121 
736 736 9256 
737 737 9308 
738 738 9392 
739 739 9240 
740 740 9225 
741 741 9197 
742 742 9386 
743 743 9239 
744 744 9345 
745 745 9384 
746 746 9293 
747 747 9536 
748 748 9283 
749 749 9230 
750 750 9289 
751 751 9538 
752 752 9369 
753 753 9330 
754 754 9314 
755 755 9186 
756 756 9381 
757 757 9299 
758 758 9204 
759 759 9410 
760 760 9216 
761 761 9426 
762 762 9330 
763 763 9354 
764 764 9450 
765 765 9154 
766 766 9200 
767 767 9296 
768 768 9099 
769 769 9113 
770 770 9115 
771 771 9232 
772 772 9078 
773 773 9140 
774 774 9045 
775 775 9272 
776 776 9261 
777 777 9224 
778 778 9076 
779 779 9024 
780 780 9115 
781 781 9251 
782 782 8977 
783 783 9196 
784 784 9268 
785 785 9185 
786 786 9164 
787 787 9170 
788 788 9312 
789 789 9244 
790 790 9000 
791 791 8980 
792 792 9156 
793 793 9284 
794 794 9350 
795 795 9378 
796 796 9196 
797 797 9180 
798 798 9363 
799 799 9363 
800 800 9445 
801 801 9344 
802 802 9225 
803 803 9449 
804 804 9348 
805 805 9225 
806 806 9241 
807 807 9250 
808 808 9241 
809 809 9129 
810 810 9280 
811 811 9312 
812 812 9203 
813 813 9269 
814 814 9137 
815 815 9343 
816 816 9288 
817 817 9700 
818 818 9450 
819 819 9688 
820 820 9267 
821 821 9376 
822 822 9294 
823 823 9156 
824 824 9452 
825 825 9250 
826 826 9053 
827 827 9087 
828 828 9178 
829 829 9332 
830 830 9233 
831 831 9242 
832 832 9567 
833 833 9439 
834 834 9248 
835 835 9455 
836 836 9312 
837 837 9492 
838 838 9217 
839 839 9227 
840 840 9385 
841 841 9433 
842 842 9170 
843 843 9223 
844 844 9300 
845 845 9183 
846 846 9123 
847 847 9416 
848 848 9245 
849 849 9143 
850 850 9238 
851 851 9215 
852 852 9176 
853 853 9210 
854 854 9243 
855 855 9363 
856 856 9159 
857 857 9358 
858 858 9204 
859 859 9337 
860 860 9191 
861 861 9064 
862 862 9263 
863 863 9073 
864 864 9131 
865 865 9229 
866 866 9096 
867 867 9196 
868 868 9464 
869 869 9168 
870 870 9352 
871 871 9123 
872 872 9110 
873 873 9130 
874 874 9152 
875 875 9311 
876 876 9202 
877 877 9358 
878 878 9088 
879 879 9188 
880 880 9314 
881 881 9360 
882 882 9330 
883 883 9289 
884 884 9620 
885 885 9235 
886 886 9150 
887 887 9449 
888 888 9396 
889 889 9685 
890 890 9349 
891 891 9155 
892 892 9275 
893 893 9135 
894 894 9122 
895 895 9500 
896 896 9254 
897 897 9381 
898 898 9523 
899 899 9336 
900 900 9169 
901 901 9133 
902 902 9417 
903 903 9383 
904 904 9198 
905 905 9260 
906 906 9415 
907 907 9342 
908 908 9397 
909 909 9158 
910 910 9455 
911 911 9344 
912 912 9272 
913 913 9243 
914 914 9226 
915 915 9178 
916 916 9203 
917 917 9442 
918 918 9188 
919 919 9237 
920 920 9618 
921 921 9266 
922 922 9180 
923 923 9288 
924 924 9313 
925 925 9210 
926 926 9244 
927 927 9157 
928 928 9297 
929 929 9319 
930 930 9509 
931 931 9418 
932 932 9296 
933 933 9129 
934 934 9236 
935 935 9544 
936 936 9273 
937 937 9013 
938 938 9073 
939 939 9080 
940 940 9078 
941 941 8999 
942 942 9023 
943 943 8980 
944 944 9087 
945 945 9023 
946 946 9028 
947 947 8927 
948 948 9124 
949 949 9165 
950 950 8992 
951 951 8980 
952 952 9009 
953 953 9270 
954 954 9181 
955 955 9217 
956 956 9189 
957 957 9169 
958 958 9212 
959 959 9258 
960 960 9110 
961 961 9157 
962 962 9022 
963 963 9029 
964 964 9385 
965 965 9319 
966 966 9153 
967 967 9618 
968 968 9148 
969 969 9164 
970 970 9281 
971 971 9310 
972 972 9385 
973 973 9276 
974 974 9422 
975 975 9421 
976 976 9480 
977 977 9228 
978 978 9260 
979 979 9305 
980 980 9441 
981 981 9366 
982 982 9441 
983 983 9408 
984 984 9708 
985 985 9366 
986 986 9288 
987 987 9212 
988 988 9410 
989 989 9427 
990 990 9242 
991 991 9348 
992 992 9399 
993 993 9339 
994 994 9323 
995 995 9353 
996 996 9576 
997 997 9315 
998 998 9324 
999 999 9269 
1000 1000 9477 
1001 1001 9232 
1002 1002 9434 
1003 1003 9220 
1004 1004 9389 
1005 1005 9283 
1006 1006 9229 
1007 1007 9304 
1008 1008 9184 
1009 1009 9421 
1010 1010 9365 
1011 1011 9098 
1012 1012 9283 
1013 1013 9419 
1014 1014 9388 
1015 1015 9324 
1016 1016 9372 
1017 1017 9104 
1018 1018 9085 
1019 1019 9179 
1020 1020 9172 
1021 1021 9245 
1022 1022 9040 
1023 1023 9210 
1024 1024 8989 
1025 1025 9155 
1026 1026 9164 
1027 1027 8990 
1028 1028 9198 
1029 1029 9285 
1030 1030 9067 
1031 1031 9014 
1032 1032 9097 
1033 1033 9200 
1034 1034 9043 
1035 1035 8967 
1036 1036 9137 
1037 1037 8971 
1038 1038 9076 
1039 1039 9318 
1040 1040 9109 
1041 1041 9042 
1042 1042 9044 
1043 1043 9239 
1044 1044 9320 
1045 1045 9197 
1046 1046 9001 
1047 1047 9124 
1048 1048 9116 
1049 1049 9226 
1050 1050 9182 
1051 1051 9157 
1052 1052 9011 
1053 1053 9246 
1054 1054 9144 
1055 1055 9281 
1056 1056 9088 
1057 1057 9257 
1058 1058 9119 
1059 1059 9392 
1060 1060 9227 
1061 1061 9364 
1062 1062 9204 
1063 1063 9264 
1064 1064 9256 
1065 1065 9382 
1066 1066 9130 
1067 1067 9483 
1068 1068 9167 
1069 1069 9340 
1070 1070 9364 
1071 1071 9320 
1072 1072 9416 
1073 1073 9181 
1074 1074 9156 
1075 1075 9143 
1076 1076 9139 
1077 1077 9429 
1078 1078 9090 
1079 1079 9278 
1080 1080 9282 
1081 1081 9366 
1082 1082 9316 
1083 1083 9184 
1084 1084 9673 
1085 1085 9286 
1086 1086 9261 
1087 1087 9191 
1088 1088 9320 
1089 1089 9294 
1090 1090 9288 
1091 1091 9247 
1092 1092 9276 
1093 1093 9452 
1094 1094 9580 
1095 1095 9394 
1096 1096 9376 
1097 1097 9361 
1098 1098 9254 
1099 1099 9254 
1100 1100 9307 
1101 1101 9292 
1102 1102 9430 
1103 1103 9443 
1104 1104 9291 
1105 1105 9398 
1106 1106 9215 
1107 1107 9109 
1108 1108 9444 
1109 1109 9318 
1110 1110 9367 
1111 1111 9242 
1112 1112 9397 
1113 1113 9202 
1114 1114 9303 
1115 1115 9265 
1116 1116 9282 
1117 1117 9286 
1118 1118 9120 
1119 1119 9195 
1120 1120 9405 
1121 1121 9338 
1122 1122 9083 
1123 1123 9209 
1124 1124 9108 
1125 1125 9239 
1126 1126 9234 
1127 1127 8991 
1128 1128 9027 
1129 1129 9005 
1130 1130 8945 
1131 1131 9109 
1132 1132 8977 
1133 1133 9062 
1134 1134 9001 
1135 1135 9016 
1136 1136 9279 
1137 1137 9207 
1138 1138 8991 
1139 1139 9292 
1140 1140 9162 
1141 1141 9188 
1142 1142 9330 
1143 1143 9090 
1144 1144 9188 
1145 1145 9005 
1146 1146 9289 
1147 1147 9312 
1148 1148 9005 
1149 1149 9399 
1150 1150 9103 
1151 1151 8908 
1152 1152 9362 
1153 1153 9262 
1154 1154 9514 
1155 1155 9471 
1156 1156 9078 
1157 1157 9134 
1158 1158 9212 
1159 1159 9263 
1160 1160 9300 
1161 1161 9261 
1162 1162 9035 
1163 1163 8997 
1164 1164 9223 
1165 1165 9459 
1166 1166 9433 
1167 1167 9272 
1168 1168 9216 
1169 1169 9440 
1170 1170 9227 
1171 1171 9251 
1172 1172 9187 
1173 1173 9521 
1174 1174 9204 
1175 1175 9039 
1176 1176 9259 
1177 1177 9188 
1178 1178 9360 
1179 1179 9248 
1180 1180 9227 
1181 1181 9256 
1182 1182 9290 
1183 1183 9140 
1184 1184 9220 
1185 1185 9539 
1186 1186 9266 
1187 1187 9504 
1188 1188 9341 
1189 1189 9296 
1190 1190 9207 
1191 1191 9244 
1192 1192 9308 
1193 1193 9191 
1194 1194 9213 
1195 1195 9308 
1196 1196 9368 
1197 1197 9184 
1198 1198 9276 
1199 1199 9319 
1200 1200 9314 
1201 1201 9407 
1202 1202 9022 
1203 1203 9085 
1204 1204 9325 
1205 1205 9228 
1206 1206 9161 
1207 1207 9280 
1208 1208 9312 
1209 1209 9259 
1210 1210 9210 
1211 1211 9306 
1212 1212 9093 
1213 1213 9355 
1214 1214 9167 
1215 1215 9116 
1216 1216 8932 
1217 1217 9071 
1218 1218 8896 
1219 1219 9313 
1220 1220 9153 
1221 1221 9114 
1222 1222 8872 
1223 1223 9145 
1224 1224 9146 
1225 1225 9052 
1226 1226 9064 
1227 1227 8968 
1228 1228 9086 
1229 1229 8993 
1230 1230 9223 
1231 1231 9231 
1232 1232 9151 
1233 1233 9138 
1234 1234 9194 
1235 1235 9229 
1236 1236 9046 
1237 1237 9046 
1238 1238 9009 
1239 1239 9336 
1240 1240 9086 
1241 1241 9311 
1242 1242 9426 
1243 1243 9260 
1244 1244 9385 
1245 1245 9363 
1246 1246 9256 
1247 1247 9274 
1248 1248 9226 
1249 1249 9210 
1250 1250 9141 
1251 1251 9334 
1252 1252 9212 
1253 1253 9282 
1254 1254 9257 
1255 1255 9186 
1256 1256 9360 
1257 1257 9050 
1258 1258 9197 
1259 1259 9216 
1260 1260 9113 
1261 1261 9214 
1262 1262 9270 
1263 1263 9019 
1264 1264 9280 
1265 1265 9191 
1266 1266 9254 
1267 1267 9228 
1268 1268 9246 
1269 1269 9132 
1270 1270 9260 
1271 1271 9133 
1272 1272 9275 
1273 1273 9579 
1274 1274 9293 
1275 1275 9177 
1276 1276 9184 
1277 1277 9239 
1278 1278 9397 
1279 1279 9220 
1280 1280 9101 
1281 1281 9280 
1282 1282 9231 
1283 1283 9276 
1284 1284 9223 
1285 1285 9192 
1286 1286 9162 
1287 1287 9102 
1288 1288 9193 
1289 1289 9634 
1290 1290 9438 
1291 1291 9199 
1292 1292 9341 
1293 1293 9261 
1294 1294 9190 
1295 1295 9238 
1296 1296 9175 
1297 1297 9286 
1298 1298 9480 
1299 1299 9344 
1300 1300 9407 
1301 1301 9528 
1302 1302 9527 
1303 1303 9680 
1304 1304 9170 
1305 1305 9283 
1306 1306 9263 
1307 1307 9489 
1308 1308 9189 
1309 1309 9400 
1310 1310 9249 
1311 1311 9275 
1312 1312 9209 
1313 1313 9237 
1314 1314 9282 
1315 1315 9256 
1316 1316 9280 
1317 1317 9466 
1318 1318 9256 
1319 1319 9101 
1320 1320 9183 
1321 1321 9003 
1322 1322 9067 
1323 1323 9131 
1324 1324 9089 
1325 1325 8905 
1326 1326 9064 
1327 1327 9109 
1328 1328 9028 
1329 1329 9031 
1330 1330 8945 
1331 1331 9057 
1332 1332 9042 
1333 1333 9204 
1334 1334 8917 
1335 1335 8998 
1336 1336 8986 
1337 1337 9127 
1338 1338 8945 
1339 1339 9034 
1340 1340 9113 
1341 1341 9168 
1342 1342 8874 
1343 1343 9092 
1344 1344 9014 
1345 1345 9229 
1346 1346 9001 
1347 1347 9288 
1348 1348 9275 
1349 1349 9373 
1350 1350 9190 
1351 1351 9080 
1352 1352 9199 
1353 1353 9253 
1354 1354 9145 
1355 1355 9164 
1356 1356 9202 
1357 1357 9340 
1358 1358 9148 
1359 1359 9165 
1360 1360 9336 
1361 1361 9296 
1362 1362 9113 
1363 1363 9118 
1364 1364 9172 
1365 1365 9263 
1366 1366 9265 
1367 1367 9091 
1368 1368 9102 
1369 1369 9393 
1370 1370 9250 
1371 1371 9221 
1372 1372 9415 
1373 1373 9348 
1374 1374 9724 
1375 1375 9318 
1376 1376 9649 
1377 1377 9366 
1378 1378 9361 
1379 1379 9386 
1380 1380 9284 
1381 1381 9512 
1382 1382 9344 
1383 1383 9703 
1384 1384 9406 
1385 1385 9516 
1386 1386 9351 
1387 1387 9306 
1388 1388 9431 
1389 1389 9683 
1390 1390 9604 
1391 1391 9832 
1392 1392 9489 
1393 1393 9569 
1394 1394 9669 
1395 1395 9801 
1396 1396 9548 
1397 1397 9857 
1398 1398 9587 
1399 1399 9606 
1400 1400 9559 
1401 1401 9535 
1402 1402 9530 
1403 1403 9519 
1404 1404 9619 
1405 1405 9454 
1406 1406 9396 
1407 1407 9554 
1408 1408 9696 
1409 1409 9590 
1410 1410 9499 
1411 1411 9775 
1412 1412 9591 
1413 1413 9499 
1414 1414 9520 
1415 1415 9467 
1416 1416 9416 
1417 1417 9343 
1418 1418 9285 
1419 1419 9570 
1420 1420 9314 
1421 1421 9423 
1422 1422 9249 
1423 1423 9501 
1424 1424 9561 
1425 1425 9328 
1426 1426 9188 
1427 1427 9264 
1428 1428 9224 
1429 1429 9181 
1430 1430 9190 
1431 1431 9310 
1432 1432 9143 
1433 1433 9197 
1434 1434 9327 
1435 1435 9237 
1436 1436 9485 
1437 1437 9191 
1438 1438 9266 
1439 1439 9280 
1440 1440 9099 
1441 1441 9233 
1442 1442 9319 
1443 1443 9651 
1444 1444 9383 
1445 1445 9332 
1446 1446 9297 
1447 1447 9144 
1448 1448 9262 
1449 1449 9416 
1450 1450 9332 
1451 1451 9040 
1452 1452 9063 
1453 1453 9111 
1454 1454 9086 
1455 1455 9310 
1456 1456 8991 
1457 1457 9101 
1458 1458 9019 
1459 1459 9167 
1460 1460 9448 
1461 1461 9064 
1462 1462 9076 
1463 1463 9169 
1464 1464 9058 
1465 1465 8954 
1466 1466 8984 
1467 1467 9232 
1468 1468 9062 
1469 1469 8984 
1470 1470 9292 
1471 1471 9225 
1472 1472 9275 
1473 1473 9090 
1474 1474 9377 
1475 1475 8942 
1476 1476 9225 
1477 1477 9263 
1478 1478 9100 
1479 1479 9279 
1480 1480 9113 
1481 1481 9129 
1482 1482 9234 
1483 1483 9529 
1484 1484 9217 
1485 1485 9044 
1486 1486 9176 
1487 1487 8919 
1488 1488 9217 
1489 1489 9098 
1490 1490 9140 
1491 1491 9319 
1492 1492 9216 
1493 1493 9046 
1494 1494 9178 
1495 1495 9147 
1496 1496 9330 
1497 1497 9299 
1498 1498 9285 
1499 1499 9559 
1500 1500 9155 
1501 1501 9398 
1502 1502 9310 
1503 1503 9300 
1504 1504 9193 
1505 1505 9183 
1506 1506 9470 
1507 1507 9165 
1508 1508 9135 
1509 1509 9170 
1510 1510 9428 
1511 1511 9311 
1512 1512 9628 
1513 1513 9181 
1514 1514 9409 
1515 1515 9438 
1516 1516 9439 
1517 1517 9249 
1518 1518 9598 
1519 1519 9265 
1520 1520 9431 
1521 1521 9291 
1522 1522 9296 
1523 1523 9556 
1524 1524 9402 
1525 1525 9479 
1526 1526 9309 
1527 1527 9207 
1528 1528 9238 
1529 1529 9559 
1530 1530 9327 
1531 1531 9276 
1532 1532 9488 
1533 1533 9439 
1534 1534 9474 
1535 1535 9540 
1536 1536 9256 
1537 1537 9377 
1538 1538 9431 
1539 1539 9183 
1540 1540 9297 
1541 1541 9242 
1542 1542 9311 
1543 1543 9618 
1544 1544 9202 
1545 1545 9312 
1546 1546 9356 
1547 1547 9406 
1548 1548 9241 
1549 1549 9506 
1550 1550 9291 
1551 1551 9381 
1552 1552 9139 
1553 1553 9129 
1554 1554 9120 
1555 1555 9315 
1556 1556 9305 
1557 1557 9275 
1558 1558 9119 
1559 1559 9357 
1560 1560 9355 
1561 1561 9362 
1562 1562 9119 
1563 1563 9268 
1564 1564 9038 
1565 1565 9120 
1566 1566 9077 
1567 1567 8982 
1568 1568 8932 
1569 1569 8912 
1570 1570 9111 
1571 1571 9153 
1572 1572 9101 
1573 1573 9029 
1574 1574 8943 
1575 1575 9091 
1576 1576 9181 
1577 1577 9164 
1578 1578 9093 
1579 1579 8952 
1580 1580 9058 
1581 1581 9149 
1582 1582 8887 
1583 1583 9145 
1584 1584 9230 
1585 1585 9097 
1586 1586 9139 
1587 1587 9381 
1588 1588 9356 
1589 1589 9442 
1590 1590 9273 
1591 1591 9132 
1592 1592 8989 
1593 1593 9199 
1594 1594 9166 
1595 1595 9285 
1596 1596 9444 
1597 1597 9108 
1598 1598 9339 
1599 1599 9070 
1600 1600 9155 
1601 1601 9086 
1602 1602 9323 
1603 1603 9223 
1604 1604 9247 
1605 1605 9217 
1606 1606 9384 
1607 1607 9240 
1608 1608 9275 
1609 1609 9280 
1610 1610 9226 
1611 1611 9311 
1612 1612 9365 
1613 1613 9469 
1614 1614 9329 
1615 1615 9275 
1616 1616 9280 
1617 1617 9454 
1618 1618 9339 
1619 1619 9449 
1620 1620 9132 
1621 1621 9301 
1622 1622 9263 
1623 1623 9128 
1624 1624 9210 
1625 1625 9417 
1626 1626 9299 
1627 1627 9404 
1628 1628 9203 
1629 1629 9401 
1630 1630 9341 
1631 1631 9438 
1632 1632 9181 
1633 1633 9324 
1634 1634 9480 
1635 1635 9361 
1636 1636 9312 
1637 1637 9318 
1638 1638 9318 
1639 1639 9376 
1640 1640 9258 
1641 1641 9432 
1642 1642 9453 
1643 1643 9327 
1644 1644 9558 
1645 1645 9516 
1646 1646 9662 
1647 1647 9444 
1648 1648 9480 
1649 1649 9356 
1650 1650 9429 
1651 1651 9474 
1652 1652 9332 
1653 1653 9461 
1654 1654 9323 
1655 1655 9425 
1656 1656 9466 
1657 1657 9466 
1658 1658 9374 
1659 1659 9383 
1660 1660 9377 
1661 1661 9380 
1662 1662 9377 
1663 1663 9271 
1664 1664 9323 
1665 1665 9501 
1666 1666 9385 
1667 1667 9288 
1668 1668 9545 
1669 1669 9394 
1670 1670 9686 
1671 1671 9327 
1672 1672 9548 
1673 1673 9591 
1674 1674 9274 
1675 1675 9522 
1676 1676 9392 
1677 1677 9501 
1678 1678 9395 
1679 1679 9424 
1680 1680 9347 
1681 1681 9543 
1682 1682 9488 
1683 1683 9517 
1684 1684 9295 
1685 1685 9298 
1686 1686 9216 
1687 1687 9481 
1688 1688 9366 
1689 1689 9424 
1690 1690 9185 
1691 1691 9310 
1692 1692 9382 
1693 1693 9248 
1694 1694 9240 
1695 1695 9410 
1696 1696 9154 
1697 1697 9205 
1698 1698 9070 
1699 1699 9243 
1700 1700 9236 
1701 1701 9459 
1702 1702 9109 
1703 1703 9124 
1704 1704 9289 
1705 1705 9335 
1706 1706 9394 
1707 1707 9370 
1708 1708 9343 
1709 1709 9441 
1710 1710 9049 
1711 1711 9272 
1712 1712 9227 
1713 1713 9250 
1714 1714 9061 
1715 1715 9254 
1716 1716 9119 
1717 1717 9260 
1718 1718 9195 
1719 1719 9301 
1720 1720 9286 
1721 1721 9469 
1722 1722 9389 
1723 1723 9280 
1724 1724 9386 
1725 1725 9453 
1726 1726 9492 
1727 1727 9283 
1728 1728 9333 
1729 1729 9316 
1730 1730 9314 
1731 1731 9422 
1732 1732 9340 
1733 1733 9460 
1734 1734 9388 
1735 1735 9223 
1736 1736 9335 
1737 1737 9539 
1738 1738 9445 
1739 1739 9561 
1740 1740 9498 
1741 1741 9440 
1742 1742 9391 
1743 1743 9350 
1744 1744 9231 
1745 1745 9625 
1746 1746 9588 
1747 1747 9497 
1748 1748 9339 
1749 1749 9492 
1750 1750 9421 
1751 1751 9389 
1752 1752 9426 
1753 1753 9347 
1754 1754 9392 
1755 1755 9330 
1756 1756 9335 
1757 1757 9417 
1758 1758 9437 
1759 1759 9585 
1760 1760 9275 
1761 1761 9449 
1762 1762 9411 
1763 1763 9545 
1764 1764 9526 
1765 1765 9566 
1766 1766 9553 
1767 1767 9276 
1768 1768 9509 
1769 1769 9404 
1770 1770 9380 
1771 1771 9660 
1772 1772 9374 
1773 1773 9357 
1774 1774 9420 
1775 1775 9681 
1776 1776 9567 
1777 1777 9507 
1778 1778 9440 
1779 1779 9531 
1780 1780 9628 
1781 1781 9471 
1782 1782 9482 
1783 1783 9716 
1784 1784 9412 
1785 1785 9511 
1786 1786 9673 
1787 1787 9662 
1788 1788 9490 
1789 1789 9780 
1790 1790 9578 
1791 1791 9616 
1792 1792 9674 
1793 1793 9684 
1794 1794 9440 
1795 1795 9619 
1796 1796 9511 
1797 1797 9751 
1798 1798 9710 
1799 1799 9758 
1800 1800 9545 
1801 1801 9765 
1802 1802 9602 
1803 1803 9601 
1804 1804 9686 
1805 1805 9785 
1806 1806 9555 
1807 1807 9632 
1808 1808 9598 
1809 1809 9833 
1810 1810 9715 
1811 1811 9430 
1812 1812 9666 
1813 1813 9699 
1814 1814 9444 
1815 1815 9327 
1816 1816 9600 
1817 1817 9388 
1818 1818 9333 
1819 1819 9247 
1820 1820 9589 
1821 1821 9364 
1822 1822 9339 
1823 1823 9366 
1824 1824 9228 
1825 1825 9157 
1826 1826 9346 
1827 1827 9252 
1828 1828 9201 
1829 1829 9185 
1830 1830 9141 
1831 1831 9022 
1832 1832 9081 
1833 1833 9072 
1834 1834 9262 
1835 1835 9136 
1836 1836 9194 
1837 1837 8889 
1838 1838 9145 
1839 1839 9209 
1840 1840 9133 
1841 1841 9079 
1842 1842 9106 
1843 1843 9011 
1844 1844 9051 
1845 1845 9332 
1846 1846 9087 
1847 1847 8986 
1848 1848 9111 
1849 1849 9028 
1850 1850 9267 
1851 1851 9188 
1852 1852 9513 
1853 1853 9131 
1854 1854 9517 
1855 1855 9291 
1856 1856 9156 
1857 1857 9252 
1858 1858 9337 
1859 1859 9196 
1860 1860 9139 
1861 1861 9397 
1862 1862 9143 
1863 1863 9254 
1864 1864 9497 
1865 1865 9304 
1866 1866 9235 
1867 1867 9170 
1868 1868 9205 
1869 1869 9464 
1870 1870 9211 
1871 1871 9403 
1872 1872 9223 
1873 1873 9362 
1874 1874 9253 
1875 1875 9271 
1876 1876 9395 
1877 1877 9321 
1878 1878 9343 
1879 1879 9322 
1880 1880 9542 
1881 1881 9281 
1882 1882 9598 
1883 1883 9597 
1884 1884 9358 
1885 1885 9591 
1886 1886 9368 
1887 1887 9553 
1888 1888 9400 
1889 1889 9330 
1890 1890 9402 
1891 1891 9199 
1892 1892 9573 
1893 1893 9522 
1894 1894 9557 
1895 1895 9575 
1896 1896 9596 
1897 1897 9543 
1898 1898 9507 
1899 1899 9533 
1900 1900 9408 
1901 1901 9790 
1902 1902 9592 
1903 1903 9298 
1904 1904 9437 
1905 1905 9632 
1906 1906 9780 
1907 1907 9336 
1908 1908 9578 
1909 1909 9423 
1910 1910 9433 
1911 1911 9424 
1912 1912 9800 
1913 1913 9661 
1914 1914 9641 
1915 1915 9726 
1916 1916 9751 
1917 1917 9767 
1918 1918 9666 
1919 1919 9591 
1920 1920 9599 
1921 1921 9642 
1922 1922 9881 
1923 1923 9731 
1924 1924 9777 
1925 1925 9978 
1926 1926 9638 
1927 1927 9612 
1928 1928 9768 
1929 1929 9873 
1930 1930 9672 
1931 1931 9760 
1932 1932 9676 
1933 1933 9849 
1934 1934 9765 
1935 1935 9796 
1936 1936 9672 
1937 1937 9758 
1938 1938 9675 
1939 1939 9690 
1940 1940 9643 
1941 1941 9441 
1942 1942 9524 
1943 1943 9669 
1944 1944 9857 
1945 1945 9375 
1946 1946 9493 
1947 1947 9725 
1948 1948 9654 
1949 1949 9542 
1950 1950 9631 
1951 1951 9801 
1952 1952 9902 
1953 1953 9633 
1954 1954 9494 
1955 1955 9466 
1956 1956 9612 
1957 1957 9445 
1958 1958 9362 
1959 1959 9603 
1960 1960 9346 
1961 1961 9511 
1962 1962 9488 
1963 1963 9328 
1964 1964 9553 
1965 1965 9418 
1966 1966 9485 
1967 1967 9366 
1968 1968 9435 
1969 1969 9180 
1970 1970 9384 
1971 1971 9408 
1972 1972 9220 
1973 1973 9315 
1974 1974 9219 
1975 1975 9175 
1976 1976 9025 
1977 1977 9186 
1978 1978 9159 
1979 1979 9271 
1980 1980 9282 
1981 1981 9167 
1982 1982 9156 
1983 1983 9305 
1984 1984 9273 
1985 1985 9146 
1986 1986 9010 
1987 1987 9148 
1988 1988 8932 
1989 1989 8989 
1990 1990 9000 
1991 1991 8965 
1992 1992 8999 
1993 1993 9237 
1994 1994 9287 
1995 1995 9099 
1996 1996 9168 
1997 1997 9041 
1998 1998 9075 
1999 1999 9163 
2000 2000 9275 
2001 2001 9124 
2002 2002 9144 
2003 2003 9156 
2004 2004 9080 
2005 2005 9478 
2006 2006 9229 
2007 2007 9048 
2008 2008 9392 
2009 2009 9255 
2010 2010 9044 
2011 2011 9317 
2012 2012 9156 
2013 2013 9346 
2014 2014 9199 
2015 2015 9200 
2016 2016 9193 
2017 2017 9247 
2018 2018 9335 
2019 2019 9035 
2020 2020 9036 
2021 2021 9437 
2022 2022 9381 
2023 2023 9289 
2024 2024 9269 
2025 2025 9361 
2026 2026 9331 
2027 2027 9574 
2028 2028 9528 
2029 2029 9596 
2030 2030 9505 
2031 2031 9576 
2032 2032 9410 
2033 2033 9398 
2034 2034 9226 
2035 2035 9545 
2036 2036 9184 
2037 2037 9346 
2038 2038 9363 
2039 2039 9230 
2040 2040 9400 
2041 2041 9291 
2042 2042 9417 
2043 2043 9136 
2044 2044 9467 
2045 2045 9290 
2046 2046 9161 
2047 2047 9272 
2048 2048 9355 
2049 2049 9659 
2050 2050 9406 
2051 2051 9173 
2052 2052 9394 
2053 2053 9423 
2054 2054 9492 
2055 2055 9237 
2056 2056 9366 
2057 2057 9271 
2058 2058 9533 
2059 2059 9492 
2060 2060 9205 
2061 2061 9302 
2062 2062 9361 
2063 2063 9157 
2064 2064 9485 
2065 2065 9249 
2066 2066 9497 
2067 2067 9123 
2068 2068 9481 
2069 2069 9586 
2070 2070 9458 
2071 2071 9347 
2072 2072 9322 
2073 2073 9335 
2074 2074 9333 
2075 2075 9497 
2076 2076 9475 
2077 2077 9467 
2078 2078 9246 
2079 2079 9429 
2080 2080 9446 
2081 2081 9346 
2082 2082 9287 
2083 2083 9474 
2084 2084 9403 
2085 2085 9586 
2086 2086 9498 
2087 2087 9532 
2088 2088 9556 
2089 2089 9480 
2090 2090 9367 
2091 2091 9389 
2092 2092 9545 
2093 2093 9735 
2094 2094 9490 
2095 2095 9535 
2096 2096 9656 
2097 2097 9539 
2098 2098 9574 
2099 2099 9488 
2100 2100 9570 
2101 2101 9716 
2102 2102 9554 
2103 2103 9647 
2104 2104 9601 
2105 2105 9750 
2106 2106 9423 
2107 2107 9401 
2108 2108 9413 
2109 2109 9578 
2110 2110 9477 
2111 2111 9431 
2112 2112 9539 
2113 2113 9445 
2114 2114 9543 
2115 2115 9634 
2116 2116 9768 
2117 2117 9341 
2118 2118 9566 
2119 2119 9352 
2120 2120 9394 
2121 2121 9365 
2122 2122 9261 
2123 2123 9279 
2124 2124 9259 
2125 2125 9248 
2126 2126 9167 
2127 2127 9259 
2128 2128 9490 
2129 2129 9566 
2130 2130 9297 
2131 2131 9116 
2132 2132 9193 
2133 2133 9107 
2134 2134 9046 
2135 2135 8976 
2136 2136 9156 
2137 2137 9045 
2138 2138 8960 
2139 2139 9153 
2140 2140 9197 
2141 2141 8877 
2142 2142 8937 
2143 2143 9253 
2144 2144 9056 
2145 2145 8938 
2146 2146 8903 
2147 2147 8788 
2148 2148 8993 
2149 2149 8948 
2150 2150 8918 
2151 2151 8878 
2152 2152 8985 
2153 2153 9122 
2154 2154 8969 
2155 2155 9022 
2156 2156 9050 
2157 2157 9012 
2158 2158 9054 
2159 2159 9190 
2160 2160 8987 
2161 2161 8903 
2162 2162 9123 
2163 2163 8924 
2164 2164 9242 
2165 2165 9050 
2166 2166 9098 
2167 2167 9418 
2168 2168 9019 
2169 2169 8908 
2170 2170 9023 
2171 2171 8830 
2172 2172 9066 
2173 2173 8903 
2174 2174 9055 
2175 2175 9215 
2176 2176 9104 
2177 2177 9079 
2178 2178 8997 
2179 2179 8992 
2180 2180 9017 
2181 2181 9025 
2182 2182 9021 
2183 2183 9393 
2184 2184 9205 
2185 2185 9103 
2186 2186 9052 
2187 2187 9019 
2188 2188 9256 
2189 2189 9010 
2190 2190 9063 
2191 2191 9163 
2192 2192 9311 
2193 2193 9229 
2194 2194 9102 
2195 2195 9119 
2196 2196 9325 
2197 2197 9426 
2198 2198 9243 
2199 2199 9241 
2200 2200 9035 
2201 2201 9046 
2202 2202 9201 
2203 2203 9193 
2204 2204 9237 
2205 2205 9200 
2206 2206 9189 
2207 2207 9096 
2208 2208 9660 
2209 2209 9327 
2210 2210 9342 
2211 2211 9381 
2212 2212 9369 
2213 2213 9556 
2214 2214 9271 
2215 2215 9418 
2216 2216 9366 
2217 2217 9347 
2218 2218 9319 
2219 2219 9339 
2220 2220 9353 
2221 2221 9487 
2222 2222 9257 
2223 2223 9238 
2224 2224 9420 
2225 2225 9468 
2226 2226 9476 
2227 2227 9330 
2228 2228 9357 
2229 2229 9312 
2230 2230 9395 
2231 2231 9499 
2232 2232 9484 
2233 2233 9631 
2234 2234 9577 
2235 2235 9587 
2236 2236 9729 
2237 2237 9428 
2238 2238 9605 
2239 2239 9652 
2240 2240 9695 
2241 2241 9844 
2242 2242 9663 
2243 2243 9552 
2244 2244 9616 
2245 2245 9531 
2246 2246 9618 
2247 2247 9494 
2248 2248 9610 
2249 2249 9731 
2250 2250 9564 
2251 2251 9527 
2252 2252 9687 
2253 2253 9514 
2254 2254 9613 
2255 2255 9545 
2256 2256 9644 
2257 2257 9663 
2258 2258 9760 
2259 2259 9752 
2260 2260 9769 
2261 2261 9863 
2262 2262 9711 
2263 2263 9634 
2264 2264 9596 
2265 2265 9804 
2266 2266 9509 
2267 2267 9432 
2268 2268 9500 
2269 2269 9635 
2270 2270 9490 
2271 2271 9582 
2272 2272 9332 
2273 2273 9545 
2274 2274 9444 
2275 2275 9589 
2276 2276 9515 
2277 2277 9371 
2278 2278 9526 
2279 2279 9226 
2280 2280 9137 
2281 2281 9408 
2282 2282 9047 
2283 2283 9136 
2284 2284 9091 
2285 2285 9259 
2286 2286 9424 
2287 2287 9183 
2288 2288 9182 
2289 2289 9164 
2290 2290 9127 
2291 2291 9119 
2292 2292 8944 
2293 2293 9002 
2294 2294 9052 
2295 2295 9004 
2296 2296 9182 
2297 2297 9121 
2298 2298 8940 
2299 2299 8930 
2300 2300 8854 
2301 2301 8868 
2302 2302 8894 
2303 2303 9135 
2304 2304 9028 
2305 2305 8940 
2306 2306 9166 
2307 2307 8922 
2308 2308 9059 
2309 2309 8914 
2310 2310 8841 
2311 2311 9062 
2312 2312 8946 
2313 2313 9124 
2314 2314 9054 
2315 2315 8926 
2316 2316 9135 
2317 2317 9001 
2318 2318 9058 
2319 2319 9091 
2320 2320 9098 
2321 2321 9118 
2322 2322 9183 
2323 2323 9163 
2324 2324 9048 
2325 2325 9116 
2326 2326 9216 
2327 2327 9097 
2328 2328 9049 
2329 2329 9242 
2330 2330 9051 
2331 2331 9088 
2332 2332 9187 
2333 2333 9211 
2334 2334 9023 
2335 2335 8976 
2336 2336 9160 
2337 2337 9172 
2338 2338 9127 
2339 2339 9075 
2340 2340 9287 
2341 2341 9250 
2342 2342 9080 
2343 2343 9283 
2344 2344 9024 
2345 2345 9389 
2346 2346 9332 
2347 2347 9044 
2348 2348 9309 
2349 2349 9349 
2350 2350 9096 
2351 2351 9143 
2352 2352 9381 
2353 2353 9360 
2354 2354 9329 
2355 2355 9170 
2356 2356 9208 
2357 2357 9265 
2358 2358 9356 
2359 2359 9513 
2360 2360 9247 
2361 2361 9223 
2362 2362 9348 
2363 2363 9242 
2364 2364 9548 
2365 2365 9171 
2366 2366 9172 
2367 2367 9209 
2368 2368 9272 
2369 2369 9389 
2370 2370 9415 
2371 2371 9400 
2372 2372 9581 
2373 2373 9409 
2374 2374 9416 
2375 2375 9296 
2376 2376 9395 
2377 2377 9792 
2378 2378 9282 
2379 2379 9305 
2380 2380 9427 
2381 2381 9353 
2382 2382 9332 
2383 2383 9621 
2384 2384 9248 
2385 2385 9316 
2386 2386 9639 
2387 2387 9201 
2388 2388 9441 
2389 2389 9687 
2390 2390 9509 
2391 2391 9339 
2392 2392 9433 
2393 2393 9415 
2394 2394 9358 
2395 2395 9438 
2396 2396 9467 
2397 2397 9815 
2398 2398 9225 
2399 2399 9322 
2400 2400 9326 
2401 2401 9642 
2402 2402 9425 
2403 2403 9572 
2404 2404 9669 
2405 2405 9485 
2406 2406 9560 
2407 2407 9439 
2408 2408 9654 
2409 2409 9417 
2410 2410 9561 
2411 2411 9407 
2412 2412 9479 
2413 2413 9408 
2414 2414 9495 
2415 2415 9406 
2416 2416 9337 
2417 2417 9541 
2418 2418 9426 
2419 2419 9460 
2420 2420 9585 
2421 2421 9493 
2422 2422 9708 
2423 2423 9612 
2424 2424 9569 
2425 2425 9631 
2426 2426 9639 
2427 2427 9724 
2428 2428 9790 
2429 2429 9692 
2430 2430 9704 
2431 2431 9861 
2432 2432 9637 
2433 2433 9811 
2434 2434 9688 
2435 2435 9688 
2436 2436 9599 
2437 2437 9916 
2438 2438 9811 
2439 2439 9612 
2440 2440 9664 
2441 2441 9938 
2442 2442 9755 
2443 2443 9725 
2444 2444 9675 
2445 2445 9755 
2446 2446 9904 
2447 2447 9671 
2448 2448 9941 
2449 2449 9741 
2450 2450 9788 
2451 2451 9544 
2452 2452 9679 
2453 2453 9823 
2454 2454 9751 
2455 2455 9825 
2456 2456 9642 
2457 2457 9933 
2458 2458 9514 
2459 2459 9626 
2460 2460 9503 
2461 2461 9476 
2462 2462 9415 
2463 2463 9333 
2464 2464 9210 
2465 2465 9364 
2466 2466 9139 
2467 2467 9074 
2468 2468 9329 
2469 2469 9258 
2470 2470 9025 
2471 2471 9151 
2472 2472 9096 
2473 2473 9122 
2474 2474 9161 
2475 2475 9256 
2476 2476 9379 
2477 2477 9217 
2478 2478 9152 
2479 2479 9166 
2480 2480 9154 
2481 2481 9080 
2482 2482 9125 
2483 2483 9102 
2484 2484 9178 
2485 2485 9272 
2486 2486 9215 
2487 2487 9154 
2488 2488 9263 
2489 2489 9226 
2490 2490 9258 
2491 2491 9195 
2492 2492 9319 
2493 2493 9117 
2494 2494 9293 
2495 2495 9176 
2496 2496 9288 
2497 2497 9434 
2498 2498 9350 
2499 2499 9339 
2500 2500 9482 
2501 2501 9451 
2502 2502 9601 
2503 2503 9420 
2504 2504 10065 
2505 2505 9517 
2506 2506 9622 
2507 2507 9447 
2508 2508 9510 
2509 2509 9398 
2510 2510 9737 
2511 2511 9338 
2512 2512 9368 
2513 2513 9374 
2514 2514 9431 
2515 2515 9296 
2516 2516 9572 
2517 2517 9508 
2518 2518 9315 
2519 2519 9339 
2520 2520 9443 
2521 2521 9385 
2522 2522 9350 
2523 2523 9576 
2524 2524 9411 
2525 2525 9450 
2526 2526 9501 
2527 2527 9484 
2528 2528 9432 
2529 2529 9427 
2530 2530 9865 
2531 2531 9474 
2532 2532 9620 
2533 2533 9553 
2534 2534 9463 
2535 2535 9457 
2536 2536 9391 
2537 2537 9495 
2538 2538 9370 
2539 2539 9263 
2540 2540 9544 
2541 2541 9391 
2542 2542 9499 
2543 2543 9789 
2544 2544 9678 
2545 2545 9574 
2546 2546 9839 
2547 2547 9769 
2548 2548 9624 
2549 2549 9751 
2550 2550 9698 
2551 2551 9668 
2552 2552 9840 
2553 2553 9798 
2554 2554 9701 
2555 2555 9844 
2556 2556 9905 
2557 2557 10012 
2558 2558 9656 
2559 2559 9999 
2560 2560 9820 
2561 2561 9895 
2562 2562 9752 
2563 2563 9923 
2564 2564 9785 
2565 2565 10022 
2566 2566 9911 
2567 2567 10063 
2568 2568 10047 
2569 2569 10117 
2570 2570 10213 
2571 2571 10162 
2572 2572 10078 
2573 2573 10053 
2574 2574 10225 
2575 2575 9966 
2576 2576 10046 
2577 2577 9993 
2578 2578 10054 
2579 2579 10419 
2580 2580 9859 
2581 2581 9961 
2582 2582 10114 
2583 2583 9874 
2584 2584 9847 
2585 2585 9945 
2586 2586 9938 
2587 2587 10035 
2588 2588 10022 
2589 2589 10041 
2590 2590 10162 
2591 2591 10166 
2592 2592 10250 
2593 2593 10132 
2594 2594 10231 
2595 2595 10158 
2596 2596 10169 
2597 2597 10427 
2598 2598 10130 
2599 2599 10218 
2600 2600 10328 
2601 2601 10588 
2602 2602 10426 
2603 2603 10413 
2604 2604 10347 
2605 2605 10393 
2606 2606 10432 
2607 2607 10729 
2608 2608 10378 
2609 2609 10512 
2610 2610 10479 
2611 2611 10454 
2612 2612 10513 
2613 2613 10496 
2614 2614 10806 
2615 2615 10390 
2616 2616 10681 
2617 2617 10654 
2618 2618 10396 
2619 2619 10525 
2620 2620 10478 
2621 2621 10498 
2622 2622 10393 
2623 2623 10558 
2624 2624 10386 
2625 2625 10463 
2626 2626 10073 
2627 2627 10139 
2628 2628 10174 
2629 2629 10181 
2630 2630 10003 
2631 2631 10080 
2632 2632 9887 
2633 2633 10210 
2634 2634 9890 
2635 2635 9981 
2636 2636 9866 
2637 2637 9882 
2638 2638 9968 
2639 2639 9772 
2640 2640 9566 
2641 2641 9848 
2642 2642 9503 
2643 2643 9521 
2644 2644 9465 
2645 2645 9413 
2646 2646 9275 
2647 2647 9194 
2648 2648 9294 
2649 2649 9285 
2650 2650 9314 
2651 2651 9246 
2652 2652 10345 
2653 2653 9168 
2654 2654 9365 
2655 2655 9214 
2656 2656 9192 
2657 2657 9335 
2658 2658 9230 
2659 2659 9248 
2660 2660 9176 
2661 2661 9130 
2662 2662 9091 
2663 2663 9052 
2664 2664 9194 
2665 2665 9190 
2666 2666 9035 
2667 2667 9169 
2668 2668 9364 
2669 2669 9104 
2670 2670 9194 
2671 2671 9165 
2672 2672 9185 
2673 2673 9299 
2674 2674 9047 
2675 2675 9459 
2676 2676 9159 
2677 2677 9200 
2678 2678 9438 
2679 2679 9197 
2680 2680 9196 
2681 2681 9204 
2682 2682 9504 
2683 2683 9419 
2684 2684 9247 
2685 2685 9372 
2686 2686 9184 
2687 2687 9318 
2688 2688 9600 
2689 2689 9373 
2690 2690 9164 
2691 2691 8795 
2692 2692 9101 
2693 2693 9107 
2694 2694 8977 
2695 2695 8991 
2696 2696 9122 
2697 2697 9488 
2698 2698 9194 
2699 2699 9150 
2700 2700 9413 
2701 2701 9162 
2702 2702 9196 
2703 2703 9322 
2704 2704 9211 
2705 2705 9378 
2706 2706 9502 
2707 2707 9469 
2708 2708 9382 
2709 2709 9516 
2710 2710 9140 
2711 2711 9507 
2712 2712 9337 
2713 2713 9409 
2714 2714 9310 
2715 2715 9493 
2716 2716 9434 
2717 2717 9517 
2718 2718 9653 
2719 2719 9461 
2720 2720 9627 
2721 2721 9549 
2722 2722 9477 
2723 2723 9473 
2724 2724 9407 
2725 2725 9715 
2726 2726 9257 
2727 2727 9518 
2728 2728 9462 
2729 2729 9487 
2730 2730 9606 
2731 2731 9784 
2732 2732 9677 
2733 2733 9789 
2734 2734 9773 
2735 2735 9713 
2736 2736 9913 
2737 2737 9995 
2738 2738 9816 
2739 2739 9937 
2740 2740 9864 
2741 2741 9842 
2742 2742 9761 
2743 2743 9756 
2744 2744 9882 
2745 2745 10015 
2746 2746 10149 
2747 2747 9831 
2748 2748 9884 
2749 2749 9901 
2750 2750 9830 
2751 2751 10052 
2752 2752 10014 
2753 2753 10040 
2754 2754 10015 
2755 2755 10209 
2756 2756 10067 
2757 2757 10119 
2758 2758 10077 
2759 2759 10347 
2760 2760 10309 
2761 2761 10515 
2762 2762 10208 
2763 2763 10332 
2764 2764 10259 
2765 2765 10311 
2766 2766 10288 
2767 2767 10315 
2768 2768 10358 
2769 2769 10336 
2770 2770 10306 
2771 2771 10204 
2772 2772 10213 
2773 2773 10245 
2774 2774 10206 
2775 2775 10322 
2776 2776 10457 
2777 2777 10397 
2778 2778 10576 
2779 2779 10300 
2780 2780 10339 
2781 2781 10594 
2782 2782 10399 
2783 2783 10401 
2784 2784 10520 
2785 2785 10643 
2786 2786 10400 
2787 2787 10490 
2788 2788 10437 
2789 2789 10662 
2790 2790 10739 
2791 2791 10489 
2792 2792 10515 
2793 2793 10438 
2794 2794 10333 
2795 2795 10275 
2796 2796 10293 
2797 2797 10238 
2798 2798 10283 
2799 2799 10319 
2800 2800 10389 
2801 2801 10132 
2802 2802 10385 
2803 2803 10564 
2804 2804 10425 
2805 2805 10453 
2806 2806 10511 
2807 2807 10407 
2808 2808 10240 
2809 2809 10507 
2810 2810 10389 
2811 2811 10183 
2812 2812 10368 
2813 2813 10413 
2814 2814 10324 
2815 2815 10520 
2816 2816 10365 
2817 2817 10380 
2818 2818 10258 
2819 2819 10501 
2820 2820 10288 
2821 2821 10556 
2822 2822 10200 
2823 2823 10408 
2824 2824 10172 
2825 2825 10152 
2826 2826 10140 
2827 2827 10187 
2828 2828 10124 
2829 2829 10519 
2830 2830 10090 
2831 2831 10053 
2832 2832 9867 
2833 2833 10031 
2834 2834 10012 
2835 2835 9708 
2836 2836 9629 
2837 2837 9822 
2838 2838 9554 
2839 2839 9471 
2840 2840 9499 
2841 2841 9594 
2842 2842 9507 
2843 2843 9432 
2844 2844 9382 
2845 2845 9419 
2846 2846 9452 
2847 2847 9343 
2848 2848 9380 
2849 2849 9331 
2850 2850 9252 
2851 2851 9286 
2852 2852 9351 
2853 2853 9092 
2854 2854 9040 
2855 2855 9208 
2856 2856 9130 
2857 2857 9105 
2858 2858 9172 
2859 2859 9317 
2860 2860 9417 
2861 2861 9172 
2862 2862 9364 
2863 2863 9447 
2864 2864 9236 
2865 2865 9414 
2866 2866 9491 
2867 2867 9548 
2868 2868 9416 
2869 2869 9508 
2870 2870 9446 
2871 2871 9396 
2872 2872 9689 
2873 2873 9666 
2874 2874 9563 
2875 2875 9649 
2876 2876 9670 
2877 2877 9624 
2878 2878 9729 
2879 2879 9690 
2880 2880 9742 
2881 2881 9776 
2882 2882 9707 
2883 2883 10044 
2884 2884 10026 
2885 2885 9927 
2886 2886 9944 
2887 2887 9880 
2888 2888 9920 
2889 2889 9987 
2890 2890 10004 
2891 2891 9984 
2892 2892 9892 
2893 2893 10020 
2894 2894 10072 
2895 2895 10281 
2896 2896 9924 
2897 2897 9983 
2898 2898 10134 
2899 2899 10373 
2900 2900 9910 
2901 2901 9937 
2902 2902 9970 
2903 2903 9862 
2904 2904 9881 
2905 2905 9848 
2906 2906 9956 
2907 2907 9953 
2908 2908 9981 
2909 2909 10034 
2910 2910 9628 
2911 2911 10032 
2912 2912 9913 
2913 2913 10245 
2914 2914 10076 
2915 2915 10019 
2916 2916 10004 
2917 2917 10103 
2918 2918 9890 
2919 2919 9992 
2920 2920 10111 
2921 2921 10020 
2922 2922 10035 
2923 2923 10203 
2924 2924 10101 
2925 2925 10224 
2926 2926 10047 
2927 2927 10118 
2928 2928 10133 
2929 2929 10083 
2930 2930 9991 
2931 2931 10318 
2932 2932 10048 
2933 2933 10243 
2934 2934 10122 
2935 2935 10319 
2936 2936 10182 
2937 2937 10336 
2938 2938 10176 
2939 2939 10035 
2940 2940 10132 
2941 2941 10260 
2942 2942 10297 
2943 2943 10383 
2944 2944 10400 
2945 2945 10254 
2946 2946 10452 
2947 2947 10424 
2948 2948 10373 
2949 2949 10259 
2950 2950 10789 
2951 2951 10574 
2952 2952 10598 
2953 2953 10452 
2954 2954 10579 
2955 2955 10456 
2956 2956 10241 
2957 2957 10467 
2958 2958 10265 
2959 2959 10488 
2960 2960 10265 
2961 2961 10460 
2962 2962 10406 
2963 2963 10586 
2964 2964 10586 
2965 2965 10574 
2966 2966 10744 
2967 2967 10689 
2968 2968 10577 
2969 2969 10519 
2970 2970 10616 
2971 2971 10720 
2972 2972 10537 
2973 2973 10639 
2974 2974 10489 
2975 2975 10711 
2976 2976 10737 
2977 2977 10815 
2978 2978 10952 
2979 2979 11080 
2980 2980 10867 
2981 2981 11373 
2982 2982 11294 
2983 2983 11255 
2984 2984 11077 
2985 2985 11219 
2986 2986 11198 
2987 2987 11363 
2988 2988 11403 
2989 2989 11383 
2990 2990 11275 
2991 2991 11291 
2992 2992 11311 
2993 2993 11490 
2994 2994 11296 
2995 2995 11563 
2996 2996 11381 
2997 2997 11460 
2998 2998 11620 
2999 2999 11624 
3000 3000 11949 
3001 3001 11686 
3002 3002 11715 
3003 3003 11807 
3004 3004 11677 
3005 3005 11799 
3006 3006 11703 
3007 3007 11832 
3008 3008 11868 
3009 3009 11800 
3010 3010 11996 
3011 3011 12135 
3012 3012 11689 
3013 3013 11852 
3014 3014 11543 
3015 3015 11404 
3016 3016 11336 
3017 3017 11317 
3018 3018 11378 
3019 3019 11142 
3020 3020 11447 
3021 3021 11185 
3022 3022 10923 
3023 3023 11143 
3024 3024 10803 
3025 3025 10946 
3026 3026 10673 
3027 3027 10830 
3028 3028 10717 
3029 3029 10603 
3030 3030 10414 
3031 3031 10489 
3032 3032 10500 
3033 3033 10282 
3034 3034 10353 
3035 3035 10381 
3036 3036 10203 
3037 3037 10369 
3038 3038 10212 
3039 3039 10232 
3040 3040 9997 
3041 3041 10492 
3042 3042 10095 
3043 3043 10169 
3044 3044 9797 
3045 3045 10020 
3046 3046 9826 
3047 3047 9861 
3048 3048 9673 
3049 3049 9713 
3050 3050 9491 
3051 3051 9517 
3052 3052 9643 
3053 3053 9585 
3054 3054 9684 
3055 3055 9786 
3056 3056 9748 
3057 3057 9553 
3058 3058 9613 
3059 3059 9691 
3060 3060 9788 
3061 3061 9921 
3062 3062 9930 
3063 3063 9739 
3064 3064 9613 
3065 3065 9643 
3066 3066 9645 
3067 3067 9810 
3068 3068 9935 
3069 3069 10134 
3070 3070 9695 
3071 3071 9456 
3072 3072 9460 
3073 3073 9523 
3074 3074 9694 
3075 3075 9290 
3076 3076 9546 
3077 3077 9978 
3078 3078 9994 
3079 3079 9863 
3080 3080 9761 
3081 3081 9954 
3082 3082 9963 
3083 3083 9960 
3084 3084 9946 
3085 3085 10068 
3086 3086 10131 
3087 3087 10179 
3088 3088 10038 
3089 3089 10048 
3090 3090 10318 
3091 3091 10045 
3092 3092 10138 
3093 3093 10051 
3094 3094 10051 
3095 3095 10156 
3096 3096 9927 
3097 3097 10089 
3098 3098 10080 
3099 3099 10156 
3100 3100 9906 
3101 3101 9970 
3102 3102 10185 
3103 3103 10249 
3104 3104 10031 
3105 3105 10085 
3106 3106 10079 
3107 3107 10254 
3108 3108 10210 
3109 3109 10437 
3110 3110 10549 
3111 3111 10270 
3112 3112 10302 
3113 3113 10433 
3114 3114 10304 
3115 3115 10425 
3116 3116 10217 
3117 3117 10164 
3118 3118 10520 
3119 3119 10331 
3120 3120 10167 
3121 3121 10489 
3122 3122 10548 
3123 3123 10322 
3124 3124 10406 
3125 3125 10554 
3126 3126 10521 
3127 3127 10521 
3128 3128 10453 
3129 3129 10633 
3130 3130 10680 
3131 3131 10592 
3132 3132 10657 
3133 3133 10585 
3134 3134 10590 
3135 3135 10365 
3136 3136 10288 
3137 3137 10450 
3138 3138 10540 
3139 3139 10576 
3140 3140 10485 
3141 3141 10610 
3142 3142 10743 
3143 3143 10441 
3144 3144 10535 
3145 3145 10606 
3146 3146 10455 
3147 3147 10456 
3148 3148 10935 
3149 3149 10708 
3150 3150 10719 
3151 3151 10711 
3152 3152 10658 
3153 3153 10702 
3154 3154 10704 
3155 3155 10719 
3156 3156 10660 
3157 3157 10791 
3158 3158 10917 
3159 3159 10800 
3160 3160 10615 
3161 3161 10771 
3162 3162 10976 
3163 3163 10942 
3164 3164 11018 
3165 3165 10982 
3166 3166 11196 
3167 3167 11044 
3168 3168 11212 
3169 3169 11233 
3170 3170 11288 
3171 3171 11179 
3172 3172 11183 
3173 3173 11481 
3174 3174 11174 
3175 3175 11292 
3176 3176 11097 
3177 3177 11165 
3178 3178 11276 
3179 3179 11048 
3180 3180 11220 
3181 3181 11086 
3182 3182 11150 
3183 3183 11256 
3184 3184 11017 
3185 3185 11069 
3186 3186 10840 
3187 3187 10851 
3188 3188 10934 
3189 3189 10891 
3190 3190 10927 
3191 3191 10933 
3192 3192 10936 
3193 3193 10689 
3194 3194 10989 
3195 3195 10667 
3196 3196 10712 
3197 3197 10687 
3198 3198 10737 
3199 3199 10660 
3200 3200 10676 
3201 3201 10707 
3202 3202 10915 
3203 3203 10795 
3204 3204 10830 
3205 3205 10936 
3206 3206 11250 
3207 3207 11160 
3208 3208 11406 
3209 3209 11552 
3210 3210 11909 
3211 3211 11794 
3212 3212 11804 
3213 3213 11990 
3214 3214 11945 
3215 3215 12085 
3216 3216 11995 
3217 3217 11866 
3218 3218 12064 
3219 3219 12097 
3220 3220 12209 
3221 3221 12212 
3222 3222 12450 
3223 3223 12717 
3224 3224 12622 
3225 3225 12786 
3226 3226 12758 
3227 3227 12713 
3228 3228 12614 
3229 3229 12800 
3230 3230 12544 
3231 3231 12586 
3232 3232 12359 
3233 3233 12454 
3234 3234 12559 
3235 3235 12462 
3236 3236 12323 
3237 3237 12370 
3238 3238 12173 
3239 3239 12100 
3240 3240 12034 
3241 3241 11931 
3242 3242 12041 
3243 3243 11760 
3244 3244 11697 
3245 3245 11539 
3246 3246 11341 
3247 3247 11325 
3248 3248 10908 
3249 3249 11000 
3250 3250 11055 
3251 3251 10756 
3252 3252 10613 
3253 3253 10546 
3254 3254 10634 
3255 3255 10329 
3256 3256 10449 
3257 3257 10091 
3258 3258 10151 
3259 3259 9964 
3260 3260 9893 
3261 3261 9728 
3262 3262 9607 
3263 3263 9645 
3264 3264 9748 
3265 3265 9417 
3266 3266 9315 
3267 3267 9177 
3268 3268 9640 
3269 3269 9514 
3270 3270 9447 
3271 3271 9388 
3272 3272 9657 
3273 3273 9861 
3274 3274 9736 
3275 3275 9589 
3276 3276 9794 
3277 3277 9905 
3278 3278 9843 
3279 3279 9779 
3280 3280 9906 
3281 3281 9735 
3282 3282 9787 
3283 3283 9824 
3284 3284 9837 
3285 3285 9882 
3286 3286 9920 
3287 3287 9809 
3288 3288 9816 
3289 3289 10115 
3290 3290 10038 
3291 3291 10059 
3292 3292 10082 
3293 3293 10129 
3294 3294 9996 
3295 3295 10136 
3296 3296 10240 
3297 3297 10239 
3298 3298 10358 
3299 3299 10528 
3300 3300 10520 
3301 3301 10489 
3302 3302 10285 
3303 3303 10304 
3304 3304 10361 
3305 3305 10312 
3306 3306 10640 
3307 3307 10587 
3308 3308 10481 
3309 3309 10511 
3310 3310 10748 
3311 3311 10655 
3312 3312 10550 
3313 3313 10778 
3314 3314 10771 
3315 3315 10705 
3316 3316 10748 
3317 3317 10816 
3318 3318 10812 
3319 3319 10785 
3320 3320 10996 
3321 3321 10993 
3322 3322 11074 
3323 3323 10896 
3324 3324 10985 
3325 3325 11013 
3326 3326 11061 
3327 3327 11172 
3328 3328 10989 
3329 3329 11022 
3330 3330 11017 
3331 3331 11049 
3332 3332 10914 
3333 3333 10982 
3334 3334 11149 
3335 3335 10737 
3336 3336 10700 
3337 3337 10851 
3338 3338 10676 
3339 3339 10745 
3340 3340 10747 
3341 3341 10664 
3342 3342 10671 
3343 3343 10805 
3344 3344 10635 
3345 3345 10852 
3346 3346 11049 
3347 3347 11084 
3348 3348 11203 
3349 3349 11263 
3350 3350 11364 
3351 3351 11648 
3352 3352 11428 
3353 3353 11291 
3354 3354 11280 
3355 3355 11213 
3356 3356 11207 
3357 3357 11277 
3358 3358 11215 
3359 3359 11205 
3360 3360 11460 
3361 3361 11222 
3362 3362 11146 
3363 3363 11330 
3364 3364 11355 
3365 3365 11237 
3366 3366 11320 
3367 3367 11611 
3368 3368 11306 
3369 3369 11210 
3370 3370 11527 
3371 3371 11198 
3372 3372 11578 
3373 3373 11252 
3374 3374 11615 
3375 3375 11437 
3376 3376 11519 
3377 3377 11588 
3378 3378 11547 
3379 3379 11441 
3380 3380 11491 
3381 3381 11373 
3382 3382 11235 
3383 3383 11356 
3384 3384 11349 
3385 3385 11107 
3386 3386 11344 
3387 3387 11044 
3388 3388 10992 
3389 3389 11022 
3390 3390 11049 
3391 3391 11129 
3392 3392 11130 
3393 3393 11254 
3394 3394 11274 
3395 3395 11460 
3396 3396 11572 
3397 3397 11506 
3398 3398 11673 
3399 3399 11563 
3400 3400 11544 
3401 3401 11430 
3402 3402 11476 
3403 3403 11510 
3404 3404 11617 
3405 3405 11421 
3406 3406 11685 
3407 3407 11597 
3408 3408 11502 
3409 3409 11564 
3410 3410 11789 
3411 3411 11615 
3412 3412 11607 
3413 3413 11820 
3414 3414 11936 
3415 3415 11732 
3416 3416 11774 
3417 3417 11919 
3418 3418 11824 
3419 3419 12013 
3420 3420 11882 
3421 3421 12046 
3422 3422 12085 
3423 3423 11980 
3424 3424 11978 
3425 3425 12175 
3426 3426 11926 
3427 3427 11937 
3428 3428 11931 
3429 3429 11704 
3430 3430 11832 
3431 3431 11942 
3432 3432 11765 
3433 3433 11701 
3434 3434 11691 
3435 3435 11648 
3436 3436 11763 
3437 3437 11785 
3438 3438 11915 
3439 3439 11687 
3440 3440 11739 
3441 3441 11784 
3442 3442 11961 
3443 3443 12067 
3444 3444 12055 
3445 3445 11943 
3446 3446 12215 
3447 3447 12098 
3448 3448 11968 
3449 3449 12021 
3450 3450 12208 
3451 3451 12066 
3452 3452 11967 
3453 3453 12223 
3454 3454 11853 
3455 3455 11906 
3456 3456 11696 
3457 3457 11580 
3458 3458 11540 
3459 3459 11640 
3460 3460 11466 
3461 3461 11808 
3462 3462 11558 
3463 3463 11748 
3464 3464 11376 
3465 3465 11356 
3466 3466 11216 
3467 3467 11175 
3468 3468 11321 
3469 3469 11257 
3470 3470 11226 
3471 3471 11336 
3472 3472 11085 
3473 3473 13058 
3474 3474 11142 
3475 3475 11037 
3476 3476 10995 
3477 3477 10842 
3478 3478 10877 
3479 3479 10890 
3480 3480 10868 
3481 3481 10635 
3482 3482 10448 
3483 3483 10809 
3484 3484 10353 
3485 3485 10353 
3486 3486 10253 
3487 3487 10143 
3488 3488 10340 
3489 3489 10286 
3490 3490 10193 
3491 3491 10211 
3492 3492 9974 
3493 3493 10007 
3494 3494 10185 
3495 3495 10068 
3496 3496 10318 
3497 3497 10236 
3498 3498 10430 
3499 3499 10173 
3500 3500 10219 
3501 3501 10283 
3502 3502 10164 
3503 3503 10090 
3504 3504 10017 
3505 3505 10055 
3506 3506 10061 
3507 3507 10040 
3508 3508 10028 
3509 3509 10128 
3510 3510 10110 
3511 3511 10234 
3512 3512 10188 
3513 3513 10155 
3514 3514 10091 
3515 3515 10184 
3516 3516 10211 
3517 3517 10072 
3518 3518 10124 
3519 3519 10066 
3520 3520 9911 
3521 3521 10195 
3522 3522 10092 
3523 3523 10155 
3524 3524 10087 
3525 3525 10179 
3526 3526 10335 
3527 3527 10256 
3528 3528 10281 
3529 3529 10376 
3530 3530 10530 
3531 3531 10397 
3532 3532 10389 
3533 3533 10513 
3534 3534 10581 
3535 3535 10446 
3536 3536 10521 
3537 3537 10380 
3538 3538 10733 
3539 3539 10934 
3540 3540 10512 
3541 3541 10515 
3542 3542 10849 
3543 3543 10661 
3544 3544 10694 
3545 3545 10711 
3546 3546 10732 
3547 3547 11077 
3548 3548 11011 
3549 3549 10840 
3550 3550 10806 
3551 3551 11088 
3552 3552 10970 
3553 3553 11146 
3554 3554 11016 
3555 3555 11002 
3556 3556 11100 
3557 3557 11393 
3558 3558 11302 
3559 3559 11397 
3560 3560 11159 
3561 3561 11199 
3562 3562 11197 
3563 3563 11179 
3564 3564 11535 
3565 3565 11154 
3566 3566 11184 
3567 3567 11470 
3568 3568 11238 
3569 3569 11603 
3570 3570 11262 
3571 3571 11439 
3572 3572 11100 
3573 3573 11314 
3574 3574 11303 
3575 3575 11164 
3576 3576 11195 
3577 3577 11216 
3578 3578 11209 
3579 3579 11191 
3580 3580 11286 
3581 3581 11358 
3582 3582 11454 
3583 3583 11445 
3584 3584 11427 
3585 3585 11677 
3586 3586 11900 
3587 3587 11932 
3588 3588 11924 
3589 3589 11950 
3590 3590 12014 
3591 3591 12136 
3592 3592 11902 
3593 3593 11845 
3594 3594 12005 
3595 3595 11772 
3596 3596 11667 
3597 3597 11696 
3598 3598 11664 
3599 3599 11744 
3600 3600 11873 
3601 3601 11961 
3602 3602 11885 
3603 3603 11824 
3604 3604 11908 
3605 3605 11771 
3606 3606 11905 
3607 3607 12147 
3608 3608 12111 
3609 3609 12052 
3610 3610 11979 
3611 3611 11976 
3612 3612 12101 
3613 3613 12047 
3614 3614 12310 
3615 3615 12278 
3616 3616 12775 
3617 3617 12364 
3618 3618 12406 
3619 3619 12137 
3620 3620 12288 
3621 3621 12059 
3622 3622 12197 
3623 3623 12154 
3624 3624 12123 
3625 3625 12192 
3626 3626 12000 
3627 3627 12313 
3628 3628 12161 
3629 3629 12311 
3630 3630 12480 
3631 3631 12620 
3632 3632 12522 
3633 3633 12636 
3634 3634 12784 
3635 3635 12817 
3636 3636 13096 
3637 3637 12985 
3638 3638 12999 
3639 3639 12865 
3640 3640 12944 
3641 3641 12906 
3642 3642 12974 
3643 3643 12954 
3644 3644 13031 
3645 3645 13057 
3646 3646 13228 
3647 3647 13186