309.59	0.147
310.04	0.144
310.49	0.14
310.94	0.138
311.38	0.135
311.83	0.132
312.28	0.129
312.73	0.127
313.18	0.125
313.63	0.123
314.07	0.122
314.52	0.121
314.97	0.119
315.42	0.118
315.87	0.116
316.32	0.115
316.76	0.113
317.21	0.113
317.66	0.113
318.11	0.112
318.56	0.11
319	0.11
319.45	0.109
319.9	0.108
320.35	0.107
320.8	0.106
321.24	0.106
321.69	0.105
322.14	0.104
322.59	0.103
323.03	0.103
323.48	0.102
323.93	0.102
324.38	0.101
324.82	0.101
325.27	0.1
325.72	0.099
326.16	0.098
326.61	0.097
327.06	0.096
327.51	0.095
327.95	0.094
328.4	0.093
328.85	0.091
329.29	0.089
329.74	0.088
330.19	0.086
330.63	0.084
331.08	0.082
331.53	0.08
331.97	0.077
332.42	0.075
332.87	0.072
333.31	0.069
333.76	0.067
334.21	0.064
334.65	0.062
335.1	0.06
335.55	0.057
335.99	0.056
336.44	0.053
336.88	0.051
337.33	0.049
337.78	0.047
338.22	0.045
338.67	0.044
339.11	0.042
339.56	0.04
340.01	0.038
340.45	0.037
340.9	0.035
341.34	0.034
341.79	0.033
342.23	0.031
342.68	0.031
343.13	0.03
343.57	0.028
344.02	0.028
344.46	0.027
344.91	0.027
345.35	0.026
345.8	0.026
346.24	0.025
346.69	0.025
347.13	0.024
347.58	0.024
348.02	0.023
348.47	0.023
348.91	0.022
349.36	0.021
349.8	0.021
350.25	0.02
350.69	0.019
351.14	0.018
351.58	0.018
352.03	0.018
352.47	0.017
352.92	0.016
353.36	0.016
353.81	0.016
354.25	0.016
354.69	0.015
355.14	0.015
355.58	0.015
356.03	0.015
356.47	0.015
356.92	0.014
357.36	0.015
357.8	0.014
358.25	0.014
358.69	0.013
359.14	0.014
359.58	0.013
360.02	0.013
360.47	0.012
360.91	0.011
361.36	0.011
361.8	0.011
362.24	0.011
362.69	0.01
363.13	0.01
363.57	0.01
364.02	0.01
364.46	0.01
364.9	0.01
365.35	0.01
365.79	0.01
366.23	0.01
366.68	0.01
367.12	0.01
367.56	0.01
368.01	0.011
368.45	0.011
368.89	0.01
369.34	0.01
369.78	0.01
370.22	0.011
370.66	0.011
371.11	0.011
371.55	0.011
371.99	0.011
372.44	0.011
372.88	0.01
373.32	0.011
373.76	0.011
374.21	0.011
374.65	0.011
375.09	0.011
375.53	0.011
375.98	0.011
376.42	0.011
376.86	0.011
377.3	0.011
377.74	0.012
378.19	0.012
378.63	0.012
379.07	0.012
379.51	0.012
379.95	0.012
380.4	0.012
380.84	0.012
381.28	0.013
381.72	0.012
382.16	0.012
382.6	0.013
383.05	0.013
383.49	0.013
383.93	0.014
384.37	0.014
384.81	0.014
385.25	0.013
385.69	0.013
386.14	0.013
386.58	0.014
387.02	0.014
387.46	0.013
387.9	0.013
388.34	0.013
388.78	0.013
389.22	0.013
389.67	0.013
390.11	0.013
390.55	0.013
390.99	0.013
391.43	0.013
391.87	0.013
392.31	0.013
392.75	0.013
393.19	0.013
393.63	0.014
394.07	0.014
394.51	0.014
394.95	0.014
395.39	0.014
395.83	0.014
396.27	0.014
396.71	0.015
397.15	0.014
397.59	0.014
398.03	0.014
398.47	0.013
398.91	0.013
399.35	0.013
399.79	0.013
400.23	0.012
400.67	0.012
401.11	0.011
401.55	0.011
401.99	0.011
402.43	0.011
402.87	0.01
403.31	0.01
403.75	0.009
404.19	0.009
404.63	0.008
405.07	0.008
405.51	0.008
405.95	0.008
406.39	0.007
406.83	0.007
407.27	0.006
407.71	0.006
408.14	0.006
408.58	0.006
409.02	0.006
409.46	0.006
409.9	0.005
410.34	0.005
410.78	0.005
411.22	0.005
411.66	0.005
412.09	0.005
412.53	0.005
412.97	0.005
413.41	0.005
413.85	0.005
414.29	0.005
414.73	0.005
415.16	0.005
415.6	0.005
416.04	0.005
416.48	0.005
416.92	0.005
417.36	0.004
417.79	0.004
418.23	0.004
418.67	0.004
419.11	0.004
419.55	0.004
419.98	0.005
420.42	0.005
420.86	0.005
421.3	0.005
421.73	0.005
422.17	0.005
422.61	0.005
423.05	0.006
423.49	0.006
423.92	0.005
424.36	0.006
424.8	0.006
425.23	0.006
425.67	0.006
426.11	0.006
426.55	0.006
426.98	0.006
427.42	0.007
427.86	0.007
428.3	0.007
428.73	0.007
429.17	0.007
429.61	0.007
430.04	0.007
430.48	0.007
430.92	0.007
431.35	0.007
431.79	0.007
432.23	0.008
432.66	0.008
433.1	0.008
433.54	0.007
433.97	0.008
434.41	0.008
434.85	0.008
435.28	0.008
435.72	0.008
436.15	0.009
436.59	0.009
437.03	0.009
437.46	0.009
437.9	0.009
438.34	0.01
438.77	0.01
439.21	0.01
439.64	0.011
440.08	0.011
440.51	0.012
440.95	0.012
441.39	0.011
441.82	0.012
442.26	0.012
442.69	0.012
443.13	0.012
443.56	0.013
444	0.013
444.43	0.013
444.87	0.013
445.31	0.013
445.74	0.013
446.18	0.014
446.61	0.014
447.05	0.014
447.48	0.014
447.92	0.014
448.35	0.014
448.79	0.015
449.22	0.015
449.66	0.015
450.09	0.015
450.53	0.015
450.96	0.015
451.4	0.016
451.83	0.016
452.26	0.016
452.7	0.017
453.13	0.017
453.57	0.017
454	0.017
454.44	0.018
454.87	0.018
455.31	0.018
455.74	0.018
456.17	0.018
456.61	0.018
457.04	0.018
457.48	0.018
457.91	0.018
458.34	0.018
458.78	0.019
459.21	0.019
459.65	0.019
460.08	0.019
460.51	0.019
460.95	0.02
461.38	0.02
461.81	0.021
462.25	0.021
462.68	0.021
463.12	0.021
463.55	0.021
463.98	0.022
464.42	0.022
464.85	0.022
465.28	0.023
465.72	0.024
466.15	0.024
466.58	0.024
467.01	0.024
467.45	0.025
467.88	0.025
468.31	0.026
468.75	0.025
469.18	0.026
469.61	0.026
470.04	0.026
470.48	0.025
470.91	0.026
471.34	0.026
471.78	0.026
472.21	0.026
472.64	0.027
473.07	0.027
473.51	0.028
473.94	0.028
474.37	0.028
474.8	0.029
475.23	0.029
475.67	0.029
476.1	0.029
476.53	0.03
476.96	0.03
477.4	0.03
477.83	0.03
478.26	0.03
478.69	0.03
479.12	0.03
479.55	0.031
479.99	0.031
480.42	0.032
480.85	0.032
481.28	0.032
481.71	0.032
482.14	0.033
482.58	0.033
483.01	0.033
483.44	0.033
483.87	0.034
484.3	0.034
484.73	0.034
485.16	0.035
485.59	0.034
486.03	0.035
486.46	0.035
486.89	0.035
487.32	0.036
487.75	0.036
488.18	0.036
488.61	0.036
489.04	0.036
489.47	0.037
489.9	0.037
490.33	0.037
490.76	0.037
491.2	0.037
491.63	0.037
492.06	0.037
492.49	0.037
492.92	0.038
493.35	0.038
493.78	0.038
494.21	0.038
494.64	0.039
495.07	0.039
495.5	0.039
495.93	0.039
496.36	0.039
496.79	0.039
497.22	0.039
497.65	0.039
498.08	0.039
498.51	0.039
498.94	0.039
499.37	0.039
499.8	0.039
500.23	0.04
500.66	0.04
501.09	0.039
501.52	0.039
501.95	0.039
502.37	0.04
502.8	0.04
503.23	0.04
503.66	0.039
504.09	0.039
504.52	0.039
504.95	0.039
505.38	0.039
505.81	0.04
506.24	0.04
506.67	0.04
507.09	0.039
507.52	0.04
507.95	0.04
508.38	0.04
508.81	0.041
509.24	0.041
509.67	0.04
510.1	0.04
510.52	0.04
510.95	0.04
511.38	0.041
511.81	0.04
512.24	0.04
512.67	0.039
513.09	0.04
513.52	0.04
513.95	0.04
514.38	0.04
514.81	0.041
515.24	0.04
515.66	0.04
516.09	0.04
516.52	0.041
516.95	0.041
517.38	0.042
517.8	0.042
518.23	0.042
518.66	0.042
519.09	0.043
519.51	0.043
519.94	0.043
520.37	0.043
520.8	0.044
521.22	0.044
521.65	0.044
522.08	0.044
522.51	0.044
522.93	0.044
523.36	0.044
523.79	0.044
524.21	0.045
524.64	0.045
525.07	0.045
525.49	0.045
525.92	0.046
526.35	0.046
526.78	0.046
527.2	0.047
527.63	0.047
528.06	0.048
528.48	0.048
528.91	0.049
529.34	0.049
529.76	0.05
530.19	0.051
530.61	0.051
531.04	0.052
531.47	0.053
531.89	0.054
532.32	0.055
532.75	0.055
533.17	0.056
533.6	0.057
534.02	0.057
534.45	0.059
534.88	0.059
535.3	0.06
535.73	0.061
536.15	0.061
536.58	0.062
537.01	0.062
537.43	0.063
537.86	0.065
538.28	0.065
538.71	0.066
539.13	0.067
539.56	0.067
539.98	0.069
540.41	0.069
540.84	0.07
541.26	0.071
541.69	0.072
542.11	0.073
542.54	0.073
542.96	0.074
543.39	0.075
543.81	0.076
544.24	0.078
544.66	0.079
545.09	0.08
545.51	0.082
545.94	0.082
546.36	0.083
546.78	0.084
547.21	0.085
547.63	0.086
548.06	0.087
548.48	0.089
548.91	0.09
549.33	0.091
549.76	0.093
550.18	0.094
550.6	0.096
551.03	0.098
551.45	0.099
551.88	0.101
552.3	0.103
552.73	0.104
553.15	0.106
553.57	0.107
554	0.109
554.42	0.109
554.85	0.111
555.27	0.113
555.69	0.114
556.12	0.115
556.54	0.117
556.96	0.119
557.39	0.121
557.81	0.123
558.23	0.124
558.66	0.125
559.08	0.127
559.5	0.129
559.93	0.13
560.35	0.132
560.77	0.133
561.2	0.135
561.62	0.136
562.04	0.138
562.47	0.139
562.89	0.141
563.31	0.143
563.73	0.145
564.16	0.146
564.58	0.148
565	0.151
565.43	0.153
565.85	0.155
566.27	0.157
566.69	0.159
567.12	0.161
567.54	0.163
567.96	0.166
568.38	0.168
568.81	0.17
569.23	0.172
569.65	0.174
570.07	0.177
570.49	0.179
570.92	0.181
571.34	0.184
571.76	0.186
572.18	0.189
572.6	0.191
573.03	0.193
573.45	0.196
573.87	0.198
574.29	0.201
574.71	0.203
575.13	0.206
575.56	0.209
575.98	0.212
576.4	0.214
576.82	0.218
577.24	0.221
577.66	0.225
578.08	0.228
578.51	0.231
578.93	0.234
579.35	0.237
579.77	0.24
580.19	0.243
580.61	0.247
581.03	0.25
581.45	0.254
581.87	0.257
582.3	0.26
582.72	0.264
583.14	0.268
583.56	0.273
583.98	0.277
584.4	0.281
584.82	0.285
585.24	0.289
585.66	0.292
586.08	0.296
586.5	0.3
586.92	0.303
587.34	0.307
587.76	0.311
588.18	0.316
588.6	0.32
589.02	0.325
589.44	0.33
589.86	0.335
590.28	0.341
590.7	0.346
591.12	0.351
591.54	0.357
591.96	0.363
592.38	0.368
592.8	0.372
593.22	0.377
593.64	0.381
594.06	0.386
594.48	0.391
594.9	0.396
595.32	0.401
595.74	0.405
596.16	0.411
596.58	0.415
597	0.421
597.42	0.426
597.83	0.432
598.25	0.438
598.67	0.444
599.09	0.449
599.51	0.454
599.93	0.458
600.35	0.463
600.77	0.468
601.19	0.474
601.6	0.478
602.02	0.482
602.44	0.486
602.86	0.49
603.28	0.494
603.7	0.498
604.12	0.502
604.53	0.506
604.95	0.51
605.37	0.513
605.79	0.517
606.21	0.52
606.63	0.523
607.04	0.526
607.46	0.529
607.88	0.531
608.3	0.534
608.72	0.536
609.13	0.538
609.55	0.54
609.97	0.542
610.39	0.543
610.81	0.545
611.22	0.545
611.64	0.546
612.06	0.547
612.48	0.547
612.89	0.548
613.31	0.549
613.73	0.548
614.15	0.548
614.56	0.548
614.98	0.549
615.4	0.549
615.81	0.55
616.23	0.551
616.65	0.551
617.07	0.551
617.48	0.551
617.9	0.551
618.32	0.551
618.73	0.552
619.15	0.553
619.57	0.553
619.98	0.552
620.4	0.553
620.82	0.553
621.23	0.553
621.65	0.553
622.07	0.554
622.48	0.555
622.9	0.556
623.32	0.556
623.73	0.556
624.15	0.557
624.56	0.558
624.98	0.559
625.4	0.561
625.81	0.562
626.23	0.563
626.64	0.564
627.06	0.566
627.48	0.568
627.89	0.571
628.31	0.573
628.72	0.575
629.14	0.578
629.55	0.581
629.97	0.584
630.39	0.587
630.8	0.591
631.22	0.594
631.63	0.598
632.05	0.601
632.46	0.605
632.88	0.609
633.29	0.612
633.71	0.616
634.12	0.62
634.54	0.624
634.95	0.629
635.37	0.632
635.78	0.637
636.2	0.641
636.61	0.646
637.03	0.651
637.44	0.656
637.86	0.662
638.27	0.667
638.69	0.673
639.1	0.678
639.52	0.684
639.93	0.691
640.35	0.698
640.76	0.704
641.17	0.71
641.59	0.715
642	0.722
642.42	0.728
642.83	0.733
643.24	0.74
643.66	0.748
644.07	0.755
644.49	0.761
644.9	0.767
645.31	0.773
645.73	0.78
646.14	0.786
646.56	0.793
646.97	0.8
647.38	0.807
647.8	0.812
648.21	0.817
648.62	0.823
649.04	0.827
649.45	0.833
649.86	0.839
650.28	0.847
650.69	0.859
651.1	0.871
651.52	0.882
651.93	0.893
652.34	0.904
652.76	0.914
653.17	0.921
653.58	0.93
654	0.937
654.41	0.943
654.82	0.946
655.23	0.945
655.65	0.943
656.06	0.94
656.47	0.936
656.88	0.936
657.3	0.936
657.71	0.936
658.12	0.934
658.53	0.935
658.95	0.935
659.36	0.937
659.77	0.939
660.18	0.94
660.6	0.941
661.01	0.945
661.42	0.946
661.83	0.947
662.24	0.948
662.66	0.951
663.07	0.95
663.48	0.952
663.89	0.951
664.3	0.95
664.71	0.947
665.13	0.945
665.54	0.94
665.95	0.935
666.36	0.93
666.77	0.924
667.18	0.916
667.59	0.909
668.01	0.9
668.42	0.893
668.83	0.883
669.24	0.874
669.65	0.864
670.06	0.853
670.47	0.842
670.88	0.831
671.29	0.817
671.71	0.805
672.12	0.79
672.53	0.777
672.94	0.762
673.35	0.746
673.76	0.731
674.17	0.715
674.58	0.699
674.99	0.682
675.4	0.665
675.81	0.65
676.22	0.634
676.63	0.619
677.04	0.602
677.45	0.586
677.86	0.57
678.27	0.553
678.68	0.537
679.09	0.522
679.5	0.506
679.91	0.49
680.32	0.473
680.73	0.457
681.14	0.442
681.55	0.426
681.96	0.411
682.37	0.396
682.78	0.382
683.19	0.368
683.6	0.355
684.01	0.342
684.42	0.329
684.83	0.318
685.24	0.306
685.65	0.294
686.06	0.283
686.47	0.272
686.88	0.262
687.29	0.252
687.69	0.242
688.1	0.232
688.51	0.222
688.92	0.213
689.33	0.204
689.74	0.196
690.15	0.188
690.56	0.18
690.96	0.173
691.37	0.165
691.78	0.158
692.19	0.152
692.6	0.146
693.01	0.14
693.42	0.135
693.82	0.129
694.23	0.124
694.64	0.119
695.05	0.115
695.46	0.11
695.87	0.105
696.27	0.101
696.68	0.097
697.09	0.093
697.5	0.089
697.91	0.086
698.31	0.082
698.72	0.079
699.13	0.076
699.54	0.073
699.94	0.07
700.35	0.068
700.76	0.065
701.17	0.063
701.57	0.061
701.98	0.059
702.39	0.056
702.8	0.054
703.2	0.052
703.61	0.05
704.02	0.048
704.43	0.047
704.83	0.045
705.24	0.044
705.65	0.042
706.05	0.041
706.46	0.04
706.87	0.038
707.27	0.037
707.68	0.036
708.09	0.034
708.49	0.033
708.9	0.032
709.31	0.031
709.71	0.029
710.12	0.029
710.53	0.028
710.93	0.027
711.34	0.026
711.75	0.025
712.15	0.025
712.56	0.024
712.96	0.023
713.37	0.023
713.78	0.022
714.18	0.022
714.59	0.022
714.99	0.021
715.4	0.02
715.81	0.019
716.21	0.019
716.62	0.019
717.02	0.018
717.43	0.018
717.83	0.018
718.24	0.017
718.65	0.016
719.05	0.016
719.46	0.016
719.86	0.015
720.27	0.015
720.67	0.014
721.08	0.014
721.48	0.014
721.89	0.014
722.29	0.013
722.7	0.013
723.1	0.013
723.51	0.012
723.91	0.012
724.32	0.012
724.72	0.011
725.13	0.011
725.53	0.01
725.94	0.01
726.34	0.01
726.75	0.009
727.15	0.009
727.55	0.009
727.96	0.009
728.36	0.009
728.77	0.009
729.17	0.009
729.58	0.009
729.98	0.009
730.38	0.009
730.79	0.009
731.19	0.009
731.6	0.009
732	0.009
732.4	0.008
732.81	0.008
733.21	0.008
733.62	0.008
734.02	0.008
734.42	0.008
734.83	0.008
735.23	0.008
735.63	0.007
736.04	0.008
736.44	0.008
736.84	0.007
737.25	0.007
737.65	0.007
738.05	0.007
738.46	0.006
738.86	0.006
739.26	0.006
739.67	0.006
740.07	0.006
740.47	0.005
740.87	0.005
741.28	0.005
741.68	0.005
742.08	0.005
742.49	0.005
742.89	0.005
743.29	0.005
743.69	0.005
744.1	0.005
744.5	0.005
744.9	0.006
745.3	0.006
745.71	0.006
746.11	0.006
746.51	0.006
746.91	0.006
747.31	0.006
747.72	0.006
748.12	0.006
748.52	0.006
748.92	0.006
749.32	0.006
749.73	0.006
750.13	0.006
750.53	0.006
750.93	0.005
751.33	0.005
751.73	0.005
752.14	0.005
752.54	0.005
752.94	0.005
753.34	0.005
753.74	0.004
754.14	0.004
754.54	0.004
754.95	0.004
755.35	0.004
755.75	0.004
756.15	0.004
756.55	0.005
756.95	0.005
757.35	0.005
757.75	0.005
758.15	0.005
758.55	0.005
758.96	0.005
759.36	0.005
759.76	0.005
760.16	0.005
760.56	0.004
760.96	0.004
761.36	0.004
761.76	0.004
762.16	0.004
762.56	0.004
762.96	0.004
763.36	0.004
763.76	0.004
764.16	0.004
764.56	0.004
764.96	0.004
765.36	0.004
765.76	0.004
766.16	0.004
766.56	0.004
766.96	0.004
767.36	0.004
767.76	0.004
768.16	0.004
768.56	0.004
768.96	0.004
769.36	0.004
769.76	0.004
770.16	0.004
770.56	0.004
770.96	0.004
771.36	0.004
771.75	0.004
772.15	0.004
772.55	0.004
772.95	0.004
773.35	0.004
773.75	0.003
774.15	0.003
774.55	0.003
774.95	0.003
775.35	0.003
775.74	0.003
776.14	0.003
776.54	0.003
776.94	0.003
777.34	0.003
777.74	0.003
778.14	0.003
778.53	0.003
778.93	0.003
779.33	0.003
779.73	0.002
780.13	0.003
780.53	0.003
780.92	0.003
781.32	0.002
781.72	0.002
782.12	0.002
782.52	0.002
782.91	0.003
783.31	0.003
783.71	0.003
784.11	0.003
784.5	0.003
784.9	0.003
785.3	0.003
785.7	0.003
786.09	0.003
786.49	0.003
786.89	0.003
787.29	0.003
787.68	0.003
788.08	0.003
788.48	0.003
788.88	0.003
789.27	0.003
789.67	0.003
790.07	0.003
790.46	0.003
790.86	0.003
791.26	0.003
791.66	0.003
792.05	0.003
792.45	0.003
792.85	0.003
793.24	0.003
793.64	0.004
794.04	0.004
794.43	0.004
794.83	0.004
795.22	0.004
795.62	0.004
796.02	0.004
796.41	0.004
796.81	0.004
797.21	0.004
797.6	0.004
798	0.003
798.39	0.003
798.79	0.003
799.19	0.003
799.58	0.003
799.98	0.002
800.37	0.002
800.77	0.002
801.16	0.002
801.56	0.002
801.96	0.002
802.35	0.002
802.75	0.002
803.14	0.002
803.54	0.002
803.93	0.002
804.33	0.002
804.72	0.002
805.12	0.003
805.51	0.003
805.91	0.003
806.3	0.003
806.7	0.003
807.09	0.003
807.49	0.003
807.88	0.003
808.28	0.003
808.67	0.003
809.07	0.003
809.46	0.003
809.86	0.003
810.25	0.002
810.65	0.002
811.04	0.002
811.44	0.003
811.83	0.002
812.22	0.002
812.62	0.002
813.01	0.002
813.41	0.002
813.8	0.002
814.2	0.002
814.59	0.003
814.98	0.003
815.38	0.002
815.77	0.002
816.16	0.002
816.56	0.002
816.95	0.003
817.35	0.002
817.74	0.002
818.13	0.002
818.53	0.002
818.92	0.002
819.31	0.002
819.71	0.002
820.1	0.003
820.49	0.002
820.89	0.003
821.28	0.002
821.67	0.002
822.07	0.002
822.46	0.002
822.85	0.003
823.25	0.003
823.64	0.003
824.03	0.003
824.42	0.003
824.82	0.003
825.21	0.003
825.6	0.003
826	0.003
826.39	0.003
826.78	0.003
827.17	0.003
827.57	0.003
827.96	0.003
828.35	0.003
828.74	0.003
829.14	0.003
829.53	0.003
829.92	0.003
830.31	0.003
830.7	0.003
831.1	0.003
831.49	0.003
831.88	0.003
832.27	0.003
832.66	0.003
833.06	0.003
833.45	0.003
833.84	0.003
834.23	0.003
834.62	0.004
835.01	0.003
835.4	0.003
835.8	0.003
836.19	0.003
836.58	0.002
836.97	0.002
837.36	0.002
837.75	0.002
838.14	0.002
838.53	0.002
838.93	0.001
839.32	0.001
839.71	0.001
840.1	0.001
840.49	0.002
840.88	0.002
841.27	0.002
841.66	0.002
842.05	0.002
842.44	0.001
842.83	0.002
843.22	0.002
843.61	0.002
844.01	0.002
844.4	0.003
844.79	0.003
845.18	0.003
845.57	0.003
845.96	0.003
846.35	0.003
846.74	0.003
847.13	0.004
847.52	0.004
847.91	0.004
848.3	0.004
848.69	0.003
849.08	0.003
849.47	0.003
849.86	0.003
850.25	0.003
850.64	0.003
851.02	0.002
851.41	0.002
851.8	0.002
852.19	0.002
852.58	0.002
852.97	0.002
853.36	0.002
853.75	0.002
854.14	0.002
854.53	0.002
854.92	0.002
855.31	0.002
855.7	0.002
856.08	0.002
856.47	0.002
856.86	0.002
857.25	0.002
857.64	0.002
858.03	0.002
858.42	0.002
858.81	0.002
859.19	0.003
859.58	0.003
859.97	0.004
860.36	0.004
860.75	0.004
861.14	0.004
861.52	0.003
861.91	0.003
862.3	0.003
862.69	0.003
863.08	0.003
863.46	0.003
863.85	0.003
864.24	0.002
864.63	0.003
865.02	0.003
865.4	0.002
865.79	0.003
866.18	0.002
866.57	0.002
866.95	0.002
867.34	0.002
867.73	0.002
868.12	0.002
868.5	0.002
868.89	0.002
869.28	0.002
869.67	0.002
870.05	0.002
870.44	0.002
870.83	0.001
871.21	0.002
871.6	0.002
871.99	0.002
872.38	0.002
872.76	0.002
873.15	0.002
873.54	0.002
873.92	0.002
874.31	0.002
874.7	0.003
875.08	0.003
875.47	0.003
875.85	0.003
876.24	0.003
876.63	0.003
877.01	0.003
877.4	0.003
877.79	0.003
878.17	0.003
878.56	0.003
878.94	0.003
879.33	0.003
879.72	0.003
880.1	0.003
880.49	0.003
880.87	0.003
881.26	0.003
881.65	0.003
882.03	0.003
882.42	0.003
882.8	0.003
883.19	0.003
883.57	0.003
883.96	0.003
884.34	0.003
884.73	0.003
885.11	0.003
885.5	0.003
885.89	0.002
886.27	0.002
886.66	0.002
887.04	0.002
887.43	0.002
887.81	0.001
888.19	0.001
888.58	0.001
888.96	0.001
889.35	0.001
889.73	0.002
890.12	0.002
890.5	0.002
890.89	0.002
891.27	0.002
891.66	0.002
892.04	0.002
892.43	0.003
892.81	0.003
893.19	0.003
893.58	0.003
893.96	0.003
894.35	0.003
894.73	0.003
895.11	0.003
895.5	0.003
895.88	0.003
896.27	0.003
896.65	0.003
897.03	0.003
897.42	0.003
897.8	0.003
898.18	0.002
898.57	0.002
898.95	0.002
899.34	0.002
899.72	0.002
900.1	0.002
900.49	0.002
900.87	0.002
901.25	0.002
901.63	0.002
902.02	0.002
902.4	0.002
902.78	0.002
903.17	0.002
903.55	0.002
903.93	0.003
904.32	0.003
904.7	0.003
905.08	0.003
905.46	0.003
905.85	0.003
906.23	0.003
906.61	0.004
906.99	0.004
907.38	0.004
907.76	0.004
908.14	0.003
908.52	0.003
908.91	0.003
909.29	0.003
909.67	0.003
910.05	0.003
910.43	0.003
910.82	0.003
911.2	0.003
911.58	0.003
911.96	0.002
912.34	0.003
912.72	0.003
913.11	0.003
913.49	0.003
913.87	0.004
914.25	0.003
914.63	0.003
915.01	0.003
915.4	0.002
915.78	0.002
916.16	0.003
916.54	0.002
916.92	0.003
917.3	0.002
917.68	0.002
918.06	0.002
918.44	0.002
918.83	0.001
919.21	0.001
919.59	0.001
919.97	0.001
920.35	0.001
920.73	0.002
921.11	0.002
921.49	0.002
921.87	0.002
922.25	0.002
922.63	0.002
923.01	0.002
923.39	0.002
923.77	0.002
924.15	0.003
924.53	0.003
924.91	0.003
925.29	0.002
925.67	0.002
926.05	0.002
926.43	0.001
926.81	0.002
927.19	0.002
927.57	0.002
927.95	0.002
928.33	0.001
928.71	0.001
929.09	0.001
929.47	0.001
929.85	0.001
930.23	0.001
930.61	0
930.99	0
931.37	0
931.75	-0.001
932.13	-0.001
932.51	-0.001
932.89	-0.001
933.27	-0.001
933.64	-0.001
934.02	-0.001
934.4	-0.001
934.78	0
935.16	0
935.54	0
935.92	0
936.3	0
936.67	0
937.05	0
937.43	0
937.81	0
938.19	0.001
938.57	0
938.95	0
939.32	0
939.7	0
940.08	0
940.46	0
940.84	0
941.21	0.001
941.59	0.001
941.97	0.001
942.35	0.001
942.73	0.001
943.1	0.002
943.48	0.002
943.86	0.002
944.24	0.002
944.61	0.002
944.99	0.003
945.37	0.003
945.75	0.002
946.12	0.002
946.5	0.002
946.88	0.002
947.26	0.001
947.63	0.001
948.01	0.001
948.39	0.001
948.76	0
949.14	0
949.52	0
949.9	0
950.27	0
950.65	0
951.03	0
951.4	0
951.78	0
952.16	0
952.53	0
952.91	0
953.29	0
953.66	0
954.04	-0.001
954.41	-0.001
954.79	-0.001
955.17	0
955.54	0
955.92	0
956.3	0
956.67	0.001
957.05	0
957.42	0
957.8	0
958.17	0
958.55	0
958.93	0
959.3	0
959.68	0
960.05	-0.001
960.43	-0.001
960.8	-0.002
961.18	-0.001
961.55	-0.001
961.93	-0.001
962.31	-0.001
962.68	-0.001
963.06	-0.001
963.43	-0.001
963.81	0
964.18	0
964.56	0
964.93	-0.001
965.31	0
965.68	0
966.05	0
966.43	0
966.8	0
967.18	0
967.55	0
967.93	0
968.3	0
968.68	0
969.05	0
969.43	0.001
969.8	0.001
970.17	0.002
970.55	0.003
970.92	0.002
971.3	0.002
971.67	0.002
972.04	0.003
972.42	0.003
972.79	0.004
973.17	0.005
973.54	0.004
973.91	0.003
974.29	0.004
974.66	0.003
975.03	0.005
975.41	0.005
975.78	0.005
976.15	0.005
976.53	0.005
976.9	0.004
977.27	0.004
977.65	0.005
978.02	0.005
978.39	0.004
978.77	0.004
979.14	0.002
979.51	0.001
979.89	0.003
980.26	0.002
980.63	0.002
981	0.002
981.38	0.003
981.75	0.002
982.12	0.001
982.5	0.001
982.87	0.001
983.24	0.001
983.61	0.002
983.98	0.001
984.36	0.001
984.73	0.001
985.1	0
985.47	0
985.85	0
986.22	0
986.59	0
986.96	0.001
987.33	0.001
987.71	0.002
988.08	0.002
988.45	0.003
988.82	0.004
989.19	0.005
989.56	0.004
989.94	0.003
990.31	0.004
990.68	0.004
991.05	0.003
991.42	0.003
991.79	0.003
992.16	0.003
992.54	0.003
992.91	0.002
993.28	0.002
993.65	0.003
994.02	0.003
994.39	0.003
994.76	0.002
995.13	0.004
995.5	0.004
995.87	0.002
996.24	0.002
996.62	0.002
996.99	0.002
997.36	0.003
997.73	0.003
998.1	0.002
998.47	0.002
998.84	0.003
999.21	0.002
999.58	0.004
999.95	0.005
1000.32	0.004
1000.69	0.003
1001.06	0.003
1001.43	0.002
1001.8	0.001
1002.17	0
1002.54	0
1002.91	0.001
1003.28	0
1003.65	0
1004.02	-0.001
1004.39	0
1004.76	-0.001
1005.13	0
1005.5	0.001
1005.87	0.001
1006.24	0.001
1006.6	0.002
1006.97	0
1007.34	0.001
1007.71	0.001
1008.08	0.002
1008.45	0.003
1008.82	0.004
1009.19	0.004
1009.56	0.004
1009.93	0.004
1010.29	0.004
1010.66	0.003
1011.03	0.004
1011.4	0.003
1011.77	0.002
1012.14	0.002
1012.51	0.003
1012.88	0.002
1013.24	0.002
1013.61	0.001
1013.98	0.002
1014.35	0.004
1014.72	0.004
1015.08	0.004
1015.45	0.006
1015.82	0.007
1016.19	0.007
1016.56	0.005
1016.92	0.005
1017.29	0.004
1017.66	0.004
1018.03	0.002
1018.4	0.004
1018.76	0.004
1019.13	0.005
1019.5	0.002
1019.87	0.002
1020.23	0.002
1020.6	0.001
1020.97	0.001
1021.34	0.002
1021.7	0.003
1022.07	0.004
1022.44	0.002
1022.8	0.001
1023.17	0
1023.54	0
1023.91	0.001
1024.27	0
1024.64	0.001
1025.01	0.002
1025.37	0.005
1025.74	0.003
1026.11	0.003
1026.47	0.003
1026.84	0.004
1027.21	0.005
1027.57	0.007
1027.94	0.007
1028.3	0.009
1028.67	0.006
1029.04	0.006
1029.4	0.005
1029.77	0.004
1030.14	0.006
1030.5	0.007
1030.87	0.004
1031.23	0.006
1031.6	0.004
1031.97	0.002
1032.33	0.001
1032.7	0.004
1033.06	0.004
1033.43	0.004
1033.79	0.007
