187.77	-47.89	-88.22	-95.78	-110.91	-17.64
188.23	-47.89	-88.22	-95.78	-110.91	-17.64
188.69	-47.89	-88.22	-95.78	-110.91	-17.64
189.15	17.64	-10.08	27.73	-15.12	-70.58
189.61	12.6	27.73	-25.21	-30.25	2.52
190.07	120.99	85.7	10.08	83.18	68.06
190.53	90.74	-2.52	-2.52	68.06	60.49
190.99	-20.16	-110.91	-35.29	-60.49	-27.73
191.45	40.33	-52.93	-93.26	-70.58	-20.16
191.91	27.73	25.21	35.29	40.33	27.73
192.37	0	-90.74	-37.81	-103.34	-7.56
192.83	-32.77	-40.33	-7.56	-37.81	42.85
193.29	55.45	70.58	10.08	-17.64	60.49
193.75	17.64	-32.77	68.06	-17.64	20.16
194.21	-45.37	-37.81	42.85	-45.37	-45.37
194.67	-90.74	-90.74	45.37	-88.22	-88.22
195.13	-2.52	-78.14	-50.41	-110.91	-30.25
195.59	-52.93	-30.25	-22.69	-50.41	-85.7
196.05	-37.81	-55.45	-65.54	-12.6	-113.43
196.51	-93.26	-73.1	-90.74	-45.37	-88.22
196.97	88.22	35.29	50.41	35.29	32.77
197.43	-80.66	55.45	5.04	93.26	-42.85
197.89	-78.14	-80.66	-42.85	-20.16	-45.37
198.34	-57.97	-126.03	-57.97	-65.53	-15.12
198.8	-73.1	-30.25	22.69	-27.73	-35.29
199.26	-95.78	-2.52	-22.69	-42.85	22.69
199.72	-88.22	-22.69	-65.54	-7.56	-118.47
200.18	70.58	93.26	63.01	85.7	37.81
200.64	20.16	93.26	22.69	47.89	7.56
201.1	55.45	60.49	90.74	-7.56	42.85
201.56	80.66	65.54	-22.69	45.37	47.89
202.02	138.63	63.01	32.77	12.6	-7.56
202.48	-57.97	-30.25	-55.45	-95.78	-17.64
202.94	-146.19	-40.33	-98.3	-90.74	-131.07
203.39	-42.85	-105.86	-70.58	-68.06	-25.21
203.85	15.12	42.85	15.12	-2.52	10.08
204.31	42.85	25.21	-17.64	47.89	52.93
204.77	-63.01	12.6	30.25	25.21	-65.53
205.23	-55.45	-50.41	-37.81	-45.37	-30.25
205.69	25.21	85.7	-5.04	17.64	37.81
206.15	-73.1	73.1	-68.06	-98.3	-47.89
206.61	47.89	-45.37	-78.14	5.04	-47.89
207.06	-5.04	10.08	-37.81	-5.04	-55.45
207.52	-161.32	-57.97	-191.56	-113.43	-161.32
207.98	50.41	90.74	40.33	12.6	88.22
208.44	25.21	-20.16	-25.21	-42.85	-63.01
208.9	-27.73	-27.73	-63.01	-37.81	-75.62
209.36	-12.6	15.12	-12.6	-10.08	-55.45
209.81	90.74	133.59	75.62	30.25	163.84
210.27	20.16	90.74	-10.08	-20.16	30.25
210.73	85.7	93.26	-15.12	-42.85	17.64
211.19	143.67	219.29	93.26	-27.73	98.3
211.65	-15.12	-68.06	5.04	-20.16	37.81
212.1	-10.08	-15.12	-35.29	-103.34	-68.06
212.56	-131.07	-83.18	-118.47	-138.63	-80.66
213.02	75.62	184	60.49	85.7	98.3
213.48	-2.52	5.04	15.12	-2.52	83.18
213.94	78.14	50.41	98.3	52.93	17.64
214.39	63.01	73.1	32.77	42.85	15.12
214.85	-27.73	-42.85	42.85	15.12	-7.56
215.31	-5.04	-12.6	-73.1	-35.29	47.89
215.77	63.01	78.14	131.07	0	115.95
216.22	2.52	37.81	7.56	57.97	85.7
216.68	-52.93	88.22	-12.6	-20.16	42.85
217.14	63.01	63.01	52.93	-10.08	57.97
217.6	-65.54	10.08	-158.8	-113.43	-42.85
218.05	30.25	-78.14	-7.56	98.3	73.1
218.51	-141.15	5.04	-88.22	-60.49	-113.43
218.97	-22.69	27.73	63.01	-22.69	17.64
219.43	35.29	17.64	-52.93	-20.16	40.33
219.88	-5.04	110.91	40.33	-2.52	-32.77
220.34	40.33	-2.52	27.73	7.56	83.18
220.8	-5.04	22.69	22.69	-17.64	37.81
221.26	-90.74	-65.54	-27.73	-47.89	-100.82
221.71	32.77	0	27.73	-22.69	35.29
222.17	-98.3	-32.77	-12.6	-70.58	-78.14
222.63	52.93	50.41	12.6	-37.81	30.25
223.08	52.93	65.54	-15.12	17.64	20.16
223.54	-2.52	63.01	-2.52	-55.45	-45.37
224	-55.45	25.21	-27.73	37.81	10.08
224.46	2.52	52.93	27.73	15.12	-32.77
224.91	63.01	0	7.56	42.85	2.52
225.37	70.58	-42.85	-55.45	-35.29	-57.97
225.83	15.12	12.6	-2.52	-15.12	-52.93
226.28	-83.18	15.12	-75.62	-85.7	52.93
226.74	-50.41	15.12	-12.6	-37.81	2.52
227.2	20.16	113.43	68.06	47.89	57.97
227.65	-45.37	32.77	-95.78	20.16	-83.18
228.11	90.74	110.91	30.25	37.81	32.77
228.57	78.14	73.1	126.03	60.49	40.33
229.02	7.56	47.89	70.58	12.6	-37.81
229.48	-60.49	-10.08	-50.41	-90.74	-80.66
229.93	30.25	35.29	32.77	-22.69	0
230.39	50.41	80.66	22.69	73.1	15.12
230.85	5.04	-12.6	-52.93	-7.56	-40.33
231.3	-60.49	-27.73	-108.38	-105.86	-78.14
231.76	-57.97	20.16	-80.66	-136.11	-40.33
232.22	35.29	113.43	78.14	-68.06	52.93
232.67	-128.55	-60.49	-40.33	-15.12	-40.33
233.13	128.55	17.64	17.64	37.81	-40.33
233.58	20.16	25.21	-7.56	42.85	57.97
234.04	-52.93	-47.89	-47.89	-10.08	-32.77
234.5	2.52	15.12	-7.56	-42.85	0
234.95	103.34	57.97	57.97	15.12	57.97
235.41	10.08	30.25	5.04	-20.16	93.26
235.86	-30.25	32.77	-189.04	-120.99	-2.52
236.32	5.04	78.14	-15.12	22.69	-25.21
236.77	90.74	10.08	75.62	5.04	65.54
237.23	40.33	65.53	80.66	5.04	80.66
237.69	55.45	163.84	20.16	-55.45	65.54
238.14	-25.21	57.97	-22.69	-52.93	-80.66
238.6	-32.77	-27.73	-90.74	-88.22	-10.08
239.05	32.77	57.97	30.25	32.77	25.21
239.51	42.85	75.62	52.93	40.33	50.41
239.96	105.86	143.67	70.58	98.3	138.63
240.42	-42.85	-22.69	-60.49	-90.74	10.08
240.87	-17.64	17.64	-73.1	0	30.25
241.33	-27.73	47.89	-80.66	-65.53	-25.21
241.79	32.77	60.49	40.33	63.01	32.77
242.24	45.37	5.04	-2.52	-63.01	12.6
242.7	-63.01	7.56	-35.29	7.56	-37.81
243.15	10.08	120.99	-2.52	55.45	60.49
243.61	10.08	27.73	32.77	22.69	10.08
244.06	-83.18	47.89	-30.25	25.21	35.29
244.52	-22.69	5.04	20.16	-78.14	2.52
244.97	-47.89	12.6	-17.64	-22.69	37.81
245.43	-10.08	32.77	0	15.12	-25.21
245.88	-63.01	-2.52	-45.37	-93.26	-63.01
246.34	80.66	100.82	-12.6	-20.16	27.73
246.79	55.45	95.78	2.52	15.12	-15.12
247.25	-15.12	-12.6	-60.49	20.16	-52.93
247.7	-65.54	-22.69	-93.26	-68.06	-73.1
248.15	-32.77	103.34	20.16	17.64	2.52
248.61	-65.54	-30.25	-17.64	-35.29	-55.45
249.06	-100.82	35.29	37.81	-22.69	45.37
249.52	47.89	148.71	45.37	27.73	146.19
249.97	50.41	75.62	-42.85	-40.33	47.89
250.43	2.52	93.26	10.08	-15.12	5.04
250.88	-60.49	75.62	-70.58	-5.04	10.08
251.34	-63.01	0	-153.76	-98.3	-78.14
251.79	-45.37	-15.12	-45.37	-128.55	-47.89
252.24	-35.29	63.01	-52.93	-20.16	0
252.7	50.41	73.1	65.53	20.16	27.73
253.15	10.08	20.16	27.73	-45.37	-20.16
253.61	70.58	27.73	-12.6	25.21	35.29
254.06	-40.33	20.16	0	15.12	-30.25
254.52	70.58	20.16	7.56	27.73	95.78
254.97	-70.58	75.62	-90.74	-27.73	32.77
255.42	-7.56	100.82	17.64	75.62	22.69
255.88	-50.41	-17.64	-5.04	-70.58	-65.53
256.33	40.33	118.47	7.56	83.18	68.06
256.79	-68.06	-52.93	63.01	-52.93	-60.49
257.24	-88.22	63.01	-55.45	12.6	-80.66
257.69	-85.7	-88.22	-52.93	-42.85	-128.55
258.15	-50.41	50.41	-15.12	10.08	-5.04
258.6	-45.37	15.12	0	35.29	-5.04
259.05	-123.51	-93.26	-75.62	-15.12	-68.06
259.51	-7.56	25.21	15.12	-45.37	0
259.96	50.41	90.74	80.66	85.7	-15.12
260.41	63.01	143.67	70.58	27.73	2.52
260.87	10.08	63.01	-35.29	-27.73	35.29
261.32	52.93	63.01	5.04	-115.95	-65.54
261.77	-25.21	-146.19	-70.58	-57.97	-75.62
262.23	27.73	27.73	-63.01	35.29	-108.38
262.68	7.56	95.78	30.25	-55.45	17.64
263.13	55.45	45.37	-15.12	73.1	57.97
263.59	-2.52	63.01	-52.93	30.25	-32.77
264.04	-110.91	-47.89	-123.51	-178.96	-108.38
264.49	-20.16	68.06	-32.77	-32.77	0
264.95	-10.08	70.58	47.89	-30.25	45.37
265.4	25.21	-10.08	-57.97	5.04	-32.77
265.85	40.33	95.78	7.56	47.89	85.7
266.31	5.04	57.97	5.04	-17.64	-50.41
266.76	78.14	25.21	-25.21	-73.1	88.22
267.21	-65.54	-42.85	-73.1	-17.64	-126.03
267.66	-57.97	-30.25	-128.55	7.56	-63.01
268.12	-30.25	52.93	-10.08	-27.73	-105.86
268.57	-60.49	75.62	-65.53	30.25	57.97
269.02	-45.37	42.85	-27.73	-52.93	-45.37
269.48	73.1	105.86	60.49	105.86	126.03
269.93	103.34	25.21	108.38	52.93	110.91
270.38	27.73	90.74	-5.04	12.6	-60.49
270.83	-15.12	-7.56	-50.41	-30.25	0
271.29	-32.77	45.37	-68.06	32.77	30.25
271.74	32.77	88.22	-45.37	65.53	63.01
272.19	-68.06	60.49	-35.29	30.25	-22.69
272.64	47.89	30.25	-10.08	45.37	2.52
273.1	-85.7	-37.81	-35.29	-95.78	-45.37
273.55	-73.1	70.58	-40.33	45.37	-88.22
274	-32.77	15.12	-42.85	-85.7	-78.14
274.45	-20.16	75.62	-60.49	37.81	7.56
274.9	17.64	32.77	88.22	37.81	17.64
275.36	10.08	12.6	7.56	-57.97	-45.37
275.81	-10.08	-17.64	50.41	83.18	-47.89
276.26	-22.69	-37.81	-32.77	-136.11	-80.66
276.71	-7.56	-83.18	-57.97	-65.53	-47.89
277.16	-50.41	20.16	25.21	-2.52	-37.81
277.62	-10.08	85.7	15.12	-5.04	95.78
278.07	42.85	35.29	25.21	37.81	88.22
278.52	63.01	37.81	-27.73	-7.56	-17.64
278.97	40.33	85.7	30.25	25.21	65.54
279.42	80.66	120.99	50.41	12.6	63.01
279.87	-10.08	-73.1	-68.06	-98.3	-83.18
280.33	2.52	65.53	-68.06	10.08	-25.21
280.78	0	-7.56	-108.38	40.33	-55.45
281.23	25.21	-42.85	-90.74	-32.77	-85.7
281.68	75.62	103.34	115.95	32.77	52.93
282.13	55.45	30.25	30.25	27.73	42.85
282.58	-32.77	-5.04	-45.37	20.16	-47.89
283.04	-7.56	63.01	-47.89	-35.29	2.52
283.49	75.62	115.95	103.34	45.37	22.69
283.94	27.73	37.81	22.69	17.64	-12.6
284.39	-88.22	-78.14	-40.33	-105.86	0
284.84	-35.29	65.54	0	7.56	22.69
285.29	-10.08	-37.81	-37.81	-63.01	-45.37
285.74	57.97	7.56	45.37	27.73	-7.56
286.19	-7.56	65.54	25.21	2.52	-10.08
286.64	-52.93	42.85	-108.38	0	-83.18
287.1	-7.56	63.01	-113.43	60.49	-60.49
287.55	68.06	-10.08	98.3	65.54	25.21
288	90.74	25.21	50.41	60.49	83.18
288.45	-35.29	-35.29	-78.14	-50.41	-42.85
288.9	12.6	52.93	113.43	32.77	-50.41
289.35	65.54	27.73	35.29	55.45	-5.04
289.8	5.04	-83.18	-45.37	-83.18	-5.04
290.25	-25.21	-32.77	-45.37	-5.04	-63.01
290.7	-90.74	-5.04	-95.78	-65.54	-131.07
291.15	-37.81	5.04	5.04	-73.1	-50.41
291.6	-27.73	-5.04	-10.08	-47.89	-80.66
292.05	5.04	42.85	-70.58	-63.01	-78.14
292.5	32.77	-78.14	-65.54	80.66	-20.16
292.95	98.3	123.51	95.78	108.38	90.74
293.4	40.33	-42.85	-65.54	-32.77	12.6
293.85	-50.41	25.21	60.49	-2.52	5.04
294.31	68.06	123.51	83.18	55.45	10.08
294.76	-22.69	-12.6	27.73	-40.33	20.16
295.21	-65.54	-27.73	-57.97	-45.37	27.73
295.66	27.73	35.29	30.25	42.85	70.58
296.11	10.08	-2.52	7.56	55.45	35.29
296.56	-42.85	100.82	40.33	93.26	25.21
297.01	17.64	83.18	-30.25	35.29	2.52
297.46	32.77	37.81	-17.64	42.85	-32.77
297.91	73.1	73.1	17.64	-47.89	-17.64
298.36	70.58	-10.08	95.78	50.41	-5.04
298.81	30.25	100.82	2.52	35.29	20.16
299.26	-32.77	-15.12	-25.21	-12.6	-25.21
299.71	32.77	78.14	15.12	37.81	63.01
300.15	5.04	-7.56	-2.52	32.77	-32.77
300.6	-40.33	40.33	27.73	-2.52	10.08
301.05	2.52	35.29	65.54	-30.25	55.45
301.5	-75.62	2.52	-100.82	-90.74	-98.3
301.95	-40.33	-20.16	-5.04	-131.07	-78.14
302.4	2.52	-10.08	-30.25	-30.25	7.56
302.85	-10.08	42.85	75.62	-30.25	40.33
303.3	10.08	-17.64	-57.97	27.73	-12.6
303.75	27.73	-7.56	-15.12	-35.29	47.89
304.2	110.91	128.55	146.19	35.29	40.33
304.65	35.29	93.26	-7.56	-10.08	-17.64
305.1	-98.3	-90.74	-85.7	-113.43	-123.51
305.55	85.7	12.6	-95.78	2.52	22.69
306	-15.12	20.16	10.08	42.85	-2.52
306.45	-30.25	-98.3	0	-10.08	-68.06
306.9	5.04	7.56	-2.52	-70.58	42.85
307.34	-47.89	-30.25	-83.18	-85.7	-63.01
307.79	-52.93	20.16	-35.29	-27.73	12.6
308.24	88.22	40.33	-20.16	-25.21	-20.16
308.69	-65.53	-78.14	-60.49	-20.16	-57.97
309.14	-45.37	0	-52.93	-50.41	-30.25
309.59	32.77	32.77	68.06	63.01	50.41
310.04	-12.6	-5.04	-10.08	7.56	78.14
310.49	131.07	-12.6	32.77	17.64	-52.93
310.94	0	163.84	73.1	83.18	73.1
311.38	100.82	176.44	35.29	37.81	98.3
311.83	63.01	47.89	20.16	57.97	-42.85
312.28	-27.73	-30.25	-45.37	-65.54	-40.33
312.73	-32.77	-27.73	-136.11	-20.16	0
313.18	25.21	-5.04	-22.69	-90.74	-83.18
313.63	37.81	-42.85	-35.29	-90.74	20.16
314.07	100.82	98.3	-7.56	0	32.77
314.52	88.22	85.7	52.93	65.53	90.74
314.97	-10.08	-20.16	-103.34	-22.69	-108.38
315.42	-5.04	-2.52	37.81	-12.6	-22.69
315.87	-95.78	52.93	7.56	20.16	2.52
316.32	-47.89	52.93	-40.33	40.33	35.29
316.76	128.55	78.14	-27.73	-2.52	-7.56
317.21	32.77	78.14	68.06	-70.58	-37.81
317.66	20.16	98.3	-10.08	10.08	22.69
318.11	-30.25	-65.54	-60.49	-70.58	-133.59
318.56	27.73	30.25	-98.3	0	35.29
319	-17.64	27.73	-7.56	5.04	-20.16
319.45	30.25	-15.12	-88.22	-65.54	15.12
319.9	22.69	98.3	2.52	-2.52	115.95
320.35	-5.04	-27.73	-90.74	-115.95	-70.58
320.8	60.49	15.12	-27.73	-12.6	12.6
321.24	0	-20.16	25.21	73.1	40.33
321.69	0	88.22	5.04	20.16	68.06
322.14	103.34	100.82	-73.1	2.52	25.21
322.59	-35.29	-25.21	7.56	-30.25	-5.04
323.03	25.21	30.25	12.6	30.25	5.04
323.48	60.49	-12.6	60.49	5.04	-15.12
323.93	-88.22	-57.97	-98.3	-60.49	-105.86
324.38	-83.18	-45.37	-65.54	-65.54	-52.93
324.82	5.04	-90.74	-10.08	-75.62	22.69
325.27	-88.22	-52.93	-20.16	-57.97	-171.4
325.72	-118.47	-47.89	-83.18	-103.34	52.93
326.16	-2.52	-2.52	-10.08	25.21	-12.6
326.61	-148.71	-17.64	-52.93	-22.69	-10.08
327.06	2.52	42.85	73.1	0	-17.64
327.51	-20.16	37.81	12.6	-10.08	27.73
327.95	40.33	12.6	27.73	40.33	52.93
328.4	-12.6	55.45	10.08	42.85	10.08
328.85	-22.69	42.85	-12.6	-78.14	27.73
329.29	-37.81	63.01	32.77	27.73	30.25
329.74	20.16	20.16	-68.06	30.25	85.7
330.19	-12.6	-50.41	-55.45	-32.77	-30.25
330.63	-105.86	-68.06	-95.78	-37.81	-50.41
331.08	-83.18	27.73	63.01	0	17.64
331.53	75.62	-15.12	-35.29	-113.43	-32.77
331.97	32.77	75.62	37.81	-22.69	-7.56
332.42	-5.04	-32.77	-20.16	-126.03	-90.74
332.87	78.14	-60.49	15.12	42.85	-45.37
333.31	-17.64	-108.38	-45.37	-30.25	-35.29
333.76	108.38	95.78	80.66	88.22	22.69
334.21	63.01	68.06	-25.21	-7.56	37.81
334.65	108.38	148.71	88.22	73.1	88.22
335.1	-35.29	42.85	-47.89	-70.58	-50.41
335.55	27.73	115.95	17.64	15.12	15.12
335.99	10.08	35.29	-83.18	-10.08	85.7
336.44	17.64	0	-35.29	-83.18	-57.97
336.88	27.73	105.86	2.52	-22.69	-15.12
337.33	47.89	47.89	42.85	65.53	90.74
337.78	0	-25.21	2.52	-50.41	-27.73
338.22	12.6	-15.12	52.93	-7.56	15.12
338.67	-136.11	-120.99	-95.78	-148.71	-133.59
339.11	-5.04	10.08	15.12	7.56	85.7
339.56	10.08	2.52	73.1	-30.25	-20.16
340.01	15.12	70.58	15.12	68.06	-30.25
340.45	-136.11	-75.62	-113.43	-146.19	-103.34
340.9	-12.6	-7.56	73.1	40.33	50.41
341.34	7.56	90.74	-10.08	-2.52	-108.38
341.79	-37.81	70.58	-10.08	-5.04	80.66
342.23	2.52	88.22	-15.12	105.86	-2.52
342.68	0	37.81	-22.69	47.89	17.64
343.13	-95.78	-7.56	-30.25	10.08	40.33
343.57	17.64	-25.21	17.64	22.69	15.12
344.02	75.62	25.21	7.56	63.01	32.77
344.46	-52.93	-20.16	-37.81	-10.08	10.08
344.91	110.91	168.88	103.34	138.63	7.56
345.35	-2.52	-12.6	-20.16	-83.18	-20.16
345.8	78.14	-12.6	-5.04	5.04	5.04
346.24	7.56	75.62	-32.77	-5.04	0
346.69	22.69	32.77	-40.33	-12.6	45.37
347.13	0	113.43	17.64	12.6	100.82
347.58	-27.73	37.81	-2.52	-17.64	-50.41
348.02	-20.16	-98.3	-25.21	-151.23	-17.64
348.47	93.26	83.18	15.12	15.12	118.47
348.91	22.69	52.93	-7.56	-65.53	83.18
349.36	65.54	171.4	108.38	-17.64	15.12
349.8	-52.93	15.12	37.81	-52.93	-50.41
350.25	-126.03	-10.08	-98.3	-115.95	-55.45
350.69	-70.58	123.51	32.77	146.19	95.78
351.14	-52.93	37.81	-95.78	-25.21	-2.52
351.58	-118.47	-7.56	-55.45	-95.78	-60.49
352.03	78.14	68.06	27.73	20.16	42.85
352.47	-110.91	17.64	-35.29	65.53	2.52
352.92	83.18	78.14	103.34	161.32	88.22
353.36	35.29	83.18	-80.66	-12.6	55.45
353.81	-45.37	105.86	-45.37	45.37	35.29
354.25	-30.25	-22.69	20.16	17.64	32.77
354.69	-17.64	45.37	17.64	50.41	70.58
355.14	20.16	-30.25	-60.49	-45.37	126.03
355.58	-7.56	-128.55	-42.85	-100.82	-68.06
356.03	-7.56	17.64	20.16	-50.41	12.6
356.47	15.12	110.91	90.74	35.29	42.85
356.92	0	-22.69	95.78	57.97	88.22
357.36	-50.41	123.51	15.12	-68.06	-108.38
357.8	-17.64	7.56	-5.04	30.25	65.54
358.25	-52.93	-90.74	12.6	-50.41	-10.08
358.69	-17.64	-5.04	-2.52	-20.16	32.77
359.14	32.77	83.18	-47.89	-5.04	-35.29
359.58	-32.77	-37.81	-131.07	-83.18	-115.95
360.02	98.3	90.74	32.77	115.95	93.26
360.47	-35.29	30.25	-57.97	27.73	-10.08
360.91	-10.08	-7.56	17.64	-70.58	-50.41
361.36	35.29	88.22	55.45	35.29	-2.52
361.8	80.66	83.18	57.97	0	22.69
362.24	161.32	75.62	103.34	37.81	85.7
362.69	78.14	42.85	-55.45	-2.52	-75.62
363.13	5.04	20.16	57.97	12.6	0
363.57	-27.73	-57.97	-168.88	-98.3	-70.58
364.02	-27.73	-17.64	-57.97	-90.74	-141.15
364.46	-22.69	68.06	7.56	-22.69	-22.69
364.9	-95.78	-37.81	-63.01	35.29	-7.56
365.35	27.73	-40.33	7.56	-5.04	47.89
365.79	7.56	-7.56	-37.81	-70.58	35.29
366.23	-30.25	-63.01	-17.64	-42.85	22.69
366.68	17.64	-5.04	-120.99	-22.69	-12.6
367.12	-20.16	12.6	-52.93	-100.82	63.01
367.56	-10.08	5.04	15.12	27.73	-7.56
368.01	-5.04	-22.69	-17.64	-57.97	-40.33
368.45	-15.12	45.37	-37.81	-5.04	-27.73
368.89	0	95.78	-10.08	55.45	-68.06
369.34	10.08	75.62	22.69	0	35.29
369.78	-131.07	-120.99	-161.32	-153.76	-108.38
370.22	-27.73	20.16	-37.81	-30.25	-30.25
370.66	-57.97	22.69	-57.97	-98.3	-15.12
371.11	83.18	199.13	161.32	42.85	110.91
371.55	-25.21	32.77	60.49	-52.93	-37.81
371.99	-80.66	-120.99	-100.82	-30.25	-60.49
372.44	-20.16	73.1	-35.29	-17.64	73.1
372.88	-7.56	-42.85	22.69	52.93	0
373.32	42.85	126.03	7.56	93.26	37.81
373.76	-78.14	83.18	-20.16	63.01	57.97
374.21	25.21	57.97	60.49	68.06	-100.82
374.65	35.29	45.37	98.3	0	32.77
375.09	-88.22	-45.37	-115.95	-73.1	0
375.53	-68.06	42.85	2.52	-40.33	50.41
375.98	-37.81	42.85	65.54	-12.6	-15.12
376.42	10.08	7.56	20.16	-10.08	80.66
376.86	-65.54	-73.1	-30.25	-7.56	65.53
377.3	-78.14	-73.1	-123.51	-148.71	-163.84
377.74	-5.04	-115.95	-85.7	-45.37	10.08
378.19	-20.16	-35.29	-90.74	-7.56	2.52
378.63	12.6	-45.37	-100.82	-17.64	-17.64
379.07	73.1	60.49	10.08	131.07	57.97
379.51	-32.77	63.01	15.12	-2.52	78.14
379.95	17.64	22.69	12.6	-12.6	37.81
380.4	73.1	0	-27.73	-27.73	7.56
380.84	-181.48	-105.86	-70.58	-70.58	-73.1
381.28	12.6	27.73	-45.37	110.91	2.52
381.72	55.45	20.16	10.08	-22.69	22.69
382.16	-5.04	-35.29	-63.01	5.04	-60.49
382.6	-50.41	-27.73	7.56	-5.04	-10.08
383.05	10.08	-7.56	47.89	-60.49	20.16
383.49	27.73	55.45	40.33	85.7	57.97
383.93	-47.89	0	-65.54	-17.64	40.33
384.37	-57.97	-45.37	-63.01	-88.22	2.52
384.81	-55.45	-75.62	-88.22	-37.81	-35.29
385.25	78.14	80.66	-20.16	22.69	50.41
385.69	-57.97	-70.58	-27.73	-35.29	-80.66
386.14	-7.56	47.89	-22.69	-55.45	10.08
386.58	95.78	93.26	110.91	108.38	95.78
387.02	0	0	-30.25	-27.73	-52.93
387.46	-75.62	22.69	0	12.6	-30.25
387.9	-47.89	7.56	-2.52	15.12	-42.85
388.34	-75.62	-78.14	-55.45	-80.66	7.56
388.78	-42.85	35.29	-55.45	-80.66	-55.45
389.22	15.12	2.52	-90.74	-85.7	-93.26
389.67	105.86	110.91	-22.69	57.97	115.95
390.11	-25.21	-90.74	-10.08	-15.12	-100.82
390.55	57.97	42.85	-20.16	60.49	20.16
390.99	-12.6	0	-10.08	-50.41	-7.56
391.43	-27.73	35.29	-10.08	-7.56	2.52
391.87	15.12	73.1	83.18	15.12	78.14
392.31	47.89	57.97	-55.45	-25.21	-32.77
392.75	-63.01	68.06	17.64	17.64	-30.25
393.19	35.29	-2.52	30.25	25.21	-2.52
393.63	-95.78	-60.49	-40.33	-55.45	-25.21
394.07	-110.91	-30.25	-113.43	-80.66	-42.85
394.51	-110.91	10.08	-75.62	-126.03	-57.97
394.95	-25.21	17.64	-20.16	-85.7	-2.52
395.39	47.89	73.1	15.12	-32.77	45.37
395.83	-37.81	-78.14	17.64	17.64	65.54
396.27	80.66	32.77	-2.52	-5.04	90.74
396.71	201.65	52.93	40.33	-12.6	272.22
397.15	80.66	88.22	-37.81	75.62	32.77
397.59	22.69	15.12	22.69	40.33	25.21
398.03	-25.21	-35.29	-40.33	-42.85	37.81
398.47	-32.77	-22.69	-27.73	-47.89	12.6
398.91	-60.49	-10.08	-32.77	-70.58	10.08
399.35	-52.93	-108.38	-75.62	-100.82	-50.41
399.79	5.04	-7.56	-5.04	-68.06	-63.01
400.23	-27.73	2.52	-55.45	-70.58	-17.64
400.67	-68.06	-12.6	-7.56	55.45	-93.26
401.11	15.12	10.08	30.25	63.01	63.01
401.55	7.56	118.47	85.7	0	5.04
401.99	-22.69	78.14	-17.64	-85.7	-20.16
402.43	-5.04	-45.37	50.41	12.6	75.62
402.87	25.21	35.29	20.16	-57.97	-5.04
403.31	-42.85	5.04	-60.49	27.73	25.21
403.75	-80.66	2.52	-25.21	-20.16	-37.81
404.19	37.81	25.21	-68.06	-22.69	45.37
404.63	78.14	45.37	-20.16	5.04	-10.08
405.07	60.49	30.25	0	-83.18	-20.16
405.51	-37.81	-22.69	-68.06	-128.55	-20.16
405.95	37.81	-20.16	-17.64	-15.12	5.04
406.39	37.81	-83.18	0	-78.14	25.21
406.83	-27.73	-75.62	-68.06	-40.33	-12.6
407.27	-173.92	-146.19	-68.06	-143.67	-27.73
407.71	47.89	123.51	133.59	88.22	85.7
408.14	-35.29	2.52	40.33	-98.3	-35.29
408.58	47.89	133.59	55.45	22.69	88.22
409.02	-103.34	-65.54	-35.29	-93.26	-57.97
409.46	-7.56	7.56	35.29	27.73	17.64
409.9	63.01	27.73	35.29	-40.33	60.49
410.34	17.64	78.14	25.21	-7.56	70.58
410.78	-85.7	55.45	-12.6	-30.25	10.08
411.22	15.12	-12.6	-35.29	50.41	17.64
411.66	42.85	60.49	103.34	131.07	47.89
412.09	15.12	-35.29	-32.77	20.16	45.37
412.53	55.45	30.25	-5.04	-50.41	65.54
412.97	30.25	196.61	63.01	90.74	40.33
413.41	-42.85	93.26	-7.56	73.1	-65.53
413.85	-113.43	27.73	-57.97	-143.67	-90.74
414.29	37.81	95.78	25.21	7.56	103.34
414.73	35.29	45.37	78.14	68.06	63.01
415.16	-47.89	12.6	-2.52	0	70.58
415.6	-70.58	-88.22	-35.29	-57.97	-10.08
416.04	90.74	-15.12	-7.56	35.29	-10.08
416.48	103.34	-52.93	98.3	93.26	57.97
416.92	47.89	20.16	78.14	-5.04	83.18
417.36	-65.53	-42.85	50.41	-42.85	27.73
417.79	25.21	2.52	-57.97	-10.08	-63.01
418.23	-2.52	45.37	-95.78	22.69	-22.69
418.67	-178.96	-57.97	-95.78	-206.69	-161.32
419.11	47.89	22.69	-27.73	-63.01	-78.14
419.55	70.58	25.21	-2.52	27.73	50.41
419.98	-20.16	5.04	2.52	-55.45	5.04
420.42	-40.33	-27.73	-40.33	-57.97	-108.38
420.86	32.77	30.25	73.1	20.16	63.01
421.3	55.45	78.14	100.82	-5.04	45.37
421.73	-7.56	37.81	-47.89	-63.01	-2.52
422.17	-93.26	10.08	-35.29	-65.54	-52.93
422.61	-138.63	-85.7	-5.04	-110.91	-42.85
423.05	131.07	2.52	60.49	-45.37	35.29
423.49	-163.84	-90.74	-45.37	-103.34	-88.22
423.92	-90.74	-138.63	-73.1	-103.34	-5.04
424.36	5.04	20.16	12.6	52.93	52.93
424.8	7.56	55.45	20.16	0	-47.89
425.23	25.21	57.97	45.37	80.66	85.7
425.67	-85.7	-60.49	-88.22	-65.53	-55.45
426.11	-42.85	-20.16	22.69	-17.64	63.01
426.55	136.11	60.49	105.86	55.45	118.47
426.98	-32.77	-32.77	95.78	-20.16	55.45
427.42	201.65	113.43	178.96	113.43	133.59
427.86	15.12	52.93	32.77	-20.16	73.1
428.3	70.58	70.58	2.52	30.25	30.25
428.73	22.69	32.77	42.85	-22.69	-5.04
429.17	27.73	85.7	115.95	7.56	20.16
429.61	163.84	88.22	45.37	105.86	42.85
430.04	15.12	-32.77	17.64	-2.52	22.69
430.48	0	-20.16	45.37	5.04	-47.89
430.92	-20.16	-52.93	-22.69	-98.3	-113.43
431.35	52.93	30.25	148.71	45.37	12.6
431.79	-10.08	-75.62	-42.85	-118.47	-17.64
432.23	-146.19	-100.82	-120.99	-103.34	-128.55
432.66	-60.49	-7.56	35.29	-75.62	-85.7
433.1	-15.12	47.89	60.49	5.04	90.74
433.54	-98.3	-75.62	-17.64	-113.43	-22.69
433.97	12.6	25.21	35.29	-35.29	118.47
434.41	22.69	-35.29	52.93	0	2.52
434.85	5.04	60.49	42.85	-2.52	115.95
435.28	73.1	12.6	50.41	68.06	50.41
435.72	-22.69	10.08	-12.6	-70.58	55.45
436.15	83.18	-47.89	47.89	-40.33	-15.12
436.59	-20.16	47.89	90.74	68.06	15.12
437.03	73.1	45.37	113.43	35.29	7.56
437.46	-30.25	20.16	108.38	-37.81	105.86
437.9	37.81	63.01	78.14	-45.37	78.14
438.34	-30.25	108.38	108.38	2.52	75.62
438.77	-45.37	68.06	78.14	-85.7	-65.53
439.21	-7.56	65.54	216.77	20.16	-22.69
439.64	-25.21	-35.29	108.38	-80.66	60.49
440.08	-37.81	-156.28	90.74	-65.54	-93.26
440.51	-10.08	5.04	42.85	-32.77	-25.21
440.95	-40.33	-10.08	42.85	-60.49	40.33
441.39	-17.64	-45.37	52.93	10.08	30.25
441.82	55.45	93.26	110.91	-22.69	42.85
442.26	-50.41	17.64	163.84	-57.97	-63.01
442.69	105.86	52.93	158.8	-80.66	20.16
443.13	85.7	65.54	146.19	20.16	32.77
443.56	37.81	0	113.43	12.6	47.89
444	2.52	-60.49	42.85	-90.74	37.81
444.43	-37.81	-63.01	126.03	57.97	-47.89
444.87	10.08	-115.95	27.73	-83.18	7.56
445.31	-15.12	-78.14	70.58	-22.69	-68.06
445.74	45.37	78.14	156.28	17.64	2.52
446.18	95.78	2.52	166.36	-12.6	-12.6
446.61	-65.53	-70.58	83.18	-131.07	-10.08
447.05	12.6	-60.49	75.62	-35.29	-22.69
447.48	-27.73	-27.73	37.81	-35.29	-5.04
447.92	7.56	-45.37	131.07	-40.33	-52.93
448.35	45.37	15.12	156.28	-2.52	15.12
448.79	-25.21	12.6	131.07	-7.56	-37.81
449.22	-45.37	-5.04	105.86	22.69	-30.25
449.66	22.69	0	126.03	-40.33	60.49
450.09	-78.14	35.29	196.61	-73.1	55.45
450.53	27.73	57.97	168.88	57.97	47.89
450.96	40.33	45.37	304.99	22.69	-12.6
451.4	-35.29	-47.89	216.77	-30.25	-15.12
451.83	37.81	20.16	357.92	-55.45	7.56
452.26	47.89	45.37	383.13	-2.52	138.63
452.7	-22.69	12.6	335.24	-10.08	-47.89
453.13	-42.85	20.16	461.27	-12.6	-73.1
453.57	-47.89	-90.74	645.27	-40.33	-45.37
454	103.34	163.84	1030.92	20.16	136.11
454.44	85.7	-50.41	1482.1	42.85	50.41
454.87	93.26	73.1	2828.09	-22.69	52.93
455.31	15.12	47.89	6087.19	75.62	65.53
455.74	-5.04	-17.64	13661.53	-103.34	-55.45
456.17	22.69	32.77	31585.35	-45.37	-5.04
456.61	68.06	63.01	52354.9	-17.64	95.78
457.04	0	57.97	62452.33	-22.69	78.14
457.48	-15.12	143.67	63974.76	5.04	57.97
457.91	-68.06	-15.12	63720.18	20.16	-42.85
458.34	-32.77	-10.08	62046.52	-27.73	-32.77
458.78	45.37	32.77	43623.62	-60.49	22.69
459.21	90.74	42.85	22473.46	57.97	-2.52
459.65	103.34	5.04	8970.73	47.89	55.45
460.08	2.52	55.45	3977.47	-37.81	20.16
460.51	10.08	32.77	2230.71	-17.64	37.81
460.95	-45.37	7.56	1335.91	-63.01	5.04
461.38	35.29	-15.12	1109.05	123.51	93.26
461.81	-156.28	-75.62	783.9	-108.38	-52.93
462.25	40.33	-17.64	763.73	10.08	-47.89
462.68	30.25	-27.73	504.12	-27.73	22.69
463.12	37.81	50.41	473.87	-32.77	55.45
463.55	0	5.04	368	17.64	7.56
463.98	20.16	52.93	408.33	40.33	93.26
464.42	-2.52	-12.6	312.55	12.6	17.64
464.85	57.97	83.18	345.32	30.25	126.03
465.28	-42.85	70.58	335.24	47.89	12.6
465.72	-5.04	-7.56	320.11	2.52	5.04
466.15	5.04	17.64	274.74	52.93	85.7
466.58	17.64	27.73	264.66	-7.56	55.45
467.01	-57.97	-78.14	171.4	-95.78	-57.97
467.45	12.6	73.1	289.87	0	65.54
467.88	15.12	25.21	186.52	-55.45	35.29
468.31	-37.81	-32.77	123.51	-50.41	-22.69
468.75	40.33	100.82	186.52	0	88.22
469.18	-60.49	-22.69	178.96	-2.52	-75.62
469.61	12.6	75.62	249.54	-12.6	88.22
470.04	-37.81	80.66	120.99	-40.33	65.54
470.48	98.3	120.99	196.61	55.45	103.34
470.91	40.33	63.01	229.37	35.29	105.86
471.34	-57.97	-118.47	171.4	-70.58	-40.33
471.78	-70.58	-10.08	131.07	-118.47	-45.37
472.21	2.52	-118.47	166.36	-57.97	10.08
472.64	60.49	30.25	168.88	-27.73	0
473.07	10.08	57.97	176.44	5.04	-30.25
473.51	-42.85	40.33	133.59	-37.81	-103.34
473.94	-47.89	50.41	158.8	-37.81	-17.64
474.37	-115.95	-153.76	-2.52	-120.99	-50.41
474.8	-45.37	-68.06	35.29	-113.43	5.04
475.23	-30.25	2.52	163.84	5.04	35.29
475.67	-88.22	47.89	141.15	-52.93	7.56
476.1	-12.6	30.25	151.23	2.52	12.6
476.53	10.08	42.85	206.69	-40.33	90.74
476.96	20.16	7.56	262.14	73.1	148.71
477.4	-57.97	-5.04	73.1	-113.43	5.04
477.83	52.93	123.51	206.69	-27.73	143.67
478.26	-17.64	42.85	224.33	-42.85	80.66
478.69	45.37	-2.52	239.45	5.04	52.93
479.12	10.08	-12.6	166.36	-17.64	32.77
479.55	-2.52	45.37	73.1	-20.16	-20.16
479.99	-22.69	50.41	234.41	20.16	143.67
480.42	118.47	30.25	151.23	10.08	57.97
480.85	-88.22	-40.33	163.84	-50.41	-42.85
481.28	-17.64	83.18	254.58	-10.08	156.28
481.71	17.64	45.37	153.76	2.52	-30.25
482.14	68.06	55.45	166.36	-25.21	0
482.58	-80.66	-25.21	103.34	-63.01	-57.97
483.01	-12.6	10.08	126.03	-17.64	42.85
483.44	-47.89	32.77	153.76	-25.21	-45.37
483.87	-35.29	83.18	194.08	37.81	-35.29
484.3	-25.21	-17.64	163.84	-63.01	-10.08
484.73	85.7	90.74	221.81	-10.08	73.1
485.16	-136.11	-20.16	128.55	-60.49	-10.08
485.59	35.29	15.12	153.76	10.08	-30.25
486.03	-42.85	40.33	224.33	-45.37	-25.21
486.46	35.29	47.89	249.54	42.85	70.58
486.89	37.81	68.06	189.04	-17.64	25.21
487.32	-30.25	42.85	178.96	-90.74	-25.21
487.75	-5.04	-15.12	184	-63.01	10.08
488.18	47.89	50.41	254.58	65.54	85.7
488.61	-47.89	-52.93	231.89	-88.22	75.62
489.04	-17.64	-12.6	277.26	-25.21	7.56
489.47	47.89	45.37	231.89	27.73	-2.52
489.9	-52.93	-52.93	136.11	-45.37	-22.69
490.33	-57.97	-45.37	194.08	-65.53	-10.08
490.76	27.73	-78.14	229.37	-57.97	37.81
491.2	-12.6	27.73	244.5	-70.58	40.33
491.63	-12.6	-15.12	189.04	-10.08	32.77
492.06	-22.69	55.45	282.3	35.29	100.82
492.49	-5.04	-25.21	176.44	-22.69	25.21
492.92	-10.08	100.82	173.92	45.37	42.85
493.35	47.89	50.41	259.62	-35.29	47.89
493.78	37.81	35.29	307.51	-10.08	30.25
494.21	-25.21	63.01	199.13	-40.33	73.1
494.64	-52.93	-27.73	115.95	-93.26	-27.73
495.07	-20.16	-80.66	113.43	-40.33	-7.56
495.5	-100.82	-27.73	216.77	-113.43	-25.21
495.93	138.63	184	398.25	75.62	133.59
496.36	68.06	95.78	272.22	123.51	52.93
496.79	-37.81	0	236.93	75.62	32.77
497.22	5.04	12.6	294.91	-22.69	75.62
497.65	30.25	161.32	325.15	128.55	57.97
498.08	-7.56	37.81	234.41	15.12	108.38
498.51	-12.6	128.55	337.76	37.81	-45.37
498.94	7.56	5.04	214.25	-12.6	52.93
499.37	-2.52	-75.62	221.81	-20.16	-143.67
499.8	-141.15	22.69	219.29	-113.43	-32.77
500.23	-15.12	50.41	292.39	-15.12	45.37
500.66	-75.62	-60.49	201.65	-40.33	52.93
501.09	-110.91	57.97	247.02	-65.54	-35.29
501.52	-45.37	-20.16	226.85	-55.45	-2.52
501.95	146.19	0	264.66	-7.56	78.14
502.37	-47.89	22.69	239.45	30.25	25.21
502.8	17.64	2.52	347.84	7.56	15.12
503.23	35.29	52.93	272.22	-30.25	-12.6
503.66	-68.06	-88.22	158.8	-110.91	-42.85
504.09	37.81	27.73	302.47	42.85	93.26
504.52	15.12	65.54	277.26	-12.6	55.45
504.95	-27.73	110.91	299.95	-57.97	47.89
505.38	10.08	5.04	234.41	30.25	83.18
505.81	-85.7	-90.74	181.48	-75.62	-30.25
506.24	78.14	10.08	189.04	-50.41	70.58
506.67	-47.89	-40.33	163.84	10.08	-5.04
507.09	90.74	120.99	368	37.81	115.95
507.52	-27.73	27.73	304.99	-7.56	5.04
507.95	0	42.85	231.89	17.64	32.77
508.38	-32.77	0	191.56	-50.41	-37.81
508.81	50.41	-12.6	267.18	88.22	22.69
509.24	-42.85	50.41	259.62	-47.89	113.43
509.67	-22.69	108.38	289.87	35.29	113.43
510.1	85.7	126.03	347.84	-50.41	98.3
510.52	73.1	88.22	292.39	15.12	60.49
510.95	30.25	80.66	279.78	55.45	113.43
511.38	20.16	-17.64	236.93	27.73	-7.56
511.81	-32.77	40.33	267.18	-90.74	22.69
512.24	-40.33	75.62	267.18	7.56	55.45
512.67	17.64	42.85	262.14	-10.08	95.78
513.09	-47.89	12.6	247.02	-151.23	-22.69
513.52	-90.74	-20.16	199.13	-80.66	-60.49
513.95	40.33	57.97	362.96	17.64	57.97
514.38	10.08	42.85	284.83	-2.52	5.04
514.81	5.04	93.26	347.84	98.3	108.38
515.24	-2.52	-5.04	267.18	-25.21	-47.89
515.66	-45.37	22.69	292.39	80.66	20.16
516.09	40.33	88.22	284.83	-40.33	52.93
516.52	-15.12	0	191.56	-201.65	25.21
516.95	-30.25	50.41	236.93	-98.3	27.73
517.38	52.93	68.06	204.17	-105.86	-5.04
517.8	-30.25	45.37	221.81	-2.52	7.56
518.23	30.25	12.6	272.22	80.66	40.33
518.66	-110.91	7.56	191.56	-63.01	-17.64
519.09	35.29	98.3	368	37.81	105.86
519.51	-47.89	20.16	357.92	-52.93	22.69
519.94	118.47	184	297.43	60.49	95.78
520.37	133.59	90.74	355.4	45.37	115.95
520.8	65.54	60.49	388.17	108.38	161.32
521.22	151.23	27.73	433.54	22.69	52.93
521.65	37.81	15.12	269.7	-25.21	52.93
522.08	35.29	-2.52	274.74	2.52	70.58
522.51	25.21	22.69	292.39	27.73	65.53
522.93	25.21	98.3	297.43	32.77	57.97
523.36	-32.77	73.1	226.85	-27.73	-20.16
523.79	20.16	12.6	297.43	-98.3	2.52
524.21	40.33	-17.64	199.13	-45.37	17.64
524.64	-7.56	50.41	304.99	-17.64	85.7
525.07	63.01	47.89	385.65	-10.08	136.11
525.49	50.41	-32.77	158.8	-80.66	7.56
525.92	-63.01	20.16	209.21	25.21	37.81
526.35	-5.04	110.91	257.1	70.58	32.77
526.78	-47.89	5.04	214.25	20.16	-15.12
527.2	-95.78	12.6	189.04	5.04	25.21
527.63	60.49	141.15	184	-10.08	131.07
528.06	70.58	136.11	310.03	35.29	90.74
528.48	-35.29	50.41	209.21	17.64	47.89
528.91	158.8	42.85	330.2	35.29	2.52
529.34	501.59	50.41	330.2	-2.52	120.99
529.76	904.89	-52.93	224.33	-57.97	7.56
530.19	1348.51	-20.16	289.87	40.33	128.55
530.61	1409	108.38	340.28	83.18	133.59
531.04	1406.48	136.11	206.69	98.3	100.82
531.47	1227.52	113.43	267.18	85.7	52.93
531.89	864.56	-2.52	173.92	-25.21	32.77
532.32	446.14	12.6	181.48	-45.37	85.7
532.75	148.71	60.49	292.39	50.41	47.89
533.17	133.59	105.86	307.51	93.26	95.78
533.6	100.82	176.44	284.83	32.77	113.43
534.02	-60.49	20.16	224.33	-35.29	7.56
534.45	2.52	37.81	219.29	-32.77	-42.85
534.88	75.62	118.47	360.44	191.56	73.1
535.3	57.97	40.33	282.3	131.07	57.97
535.73	-5.04	7.56	196.61	10.08	-45.37
536.15	123.51	-42.85	410.85	25.21	65.54
536.58	80.66	131.07	299.95	178.96	103.34
537.01	143.67	236.93	378.09	224.33	115.95
537.43	115.95	105.86	388.17	173.92	30.25
537.86	-2.52	95.78	332.72	133.59	63.01
538.28	78.14	-10.08	292.39	189.04	73.1
538.71	-85.7	-7.56	274.74	65.54	-5.04
539.13	-27.73	35.29	282.3	216.77	10.08
539.56	-32.77	-35.29	307.51	156.28	-35.29
539.98	37.81	75.62	375.57	244.5	115.95
540.41	120.99	123.51	332.72	196.61	50.41
540.84	2.52	-35.29	282.3	229.37	-10.08
541.26	32.77	15.12	368	274.74	22.69
541.69	10.08	128.55	287.35	335.24	65.54
542.11	83.18	27.73	284.83	282.3	47.89
542.54	-55.45	-17.64	239.45	224.33	0
542.96	7.56	120.99	441.1	373.05	-12.6
543.39	-47.89	0	231.89	231.89	20.16
543.81	85.7	42.85	347.84	456.22	126.03
544.24	17.64	20.16	380.61	473.87	63.01
544.66	-65.53	-32.77	322.63	297.43	32.77
545.09	78.14	60.49	320.11	438.58	115.95
545.51	35.29	98.3	415.9	519.24	80.66
545.94	-20.16	120.99	373.05	526.8	178.96
546.36	-83.18	-5.04	181.48	335.24	65.54
546.78	108.38	68.06	368	491.51	110.91
547.21	-70.58	93.26	320.11	478.91	25.21
547.63	-17.64	-32.77	244.5	264.66	-60.49
548.06	68.06	68.06	224.33	425.98	93.26
548.48	17.64	-63.01	196.61	332.72	-35.29
548.91	136.11	75.62	370.52	385.65	136.11
549.33	-42.85	-20.16	241.98	289.87	-22.69
549.76	52.93	60.49	284.83	330.2	60.49
550.18	70.58	75.62	299.95	413.37	115.95
550.6	-60.49	-78.14	78.14	325.15	30.25
551.03	95.78	-12.6	173.92	438.58	108.38
551.45	184	146.19	292.39	557.05	241.98
551.88	110.91	65.53	302.47	441.1	15.12
552.3	55.45	85.7	173.92	362.96	108.38
552.73	63.01	-17.64	166.36	345.32	12.6
553.15	17.64	12.6	191.56	383.13	-2.52
553.57	2.52	-22.69	194.08	335.24	-15.12
554	-2.52	27.73	186.52	398.25	20.16
554.42	90.74	32.77	330.2	428.5	123.51
554.85	0	35.29	126.03	357.92	-57.97
555.27	0	30.25	143.67	289.87	-30.25
555.69	70.58	83.18	199.13	451.18	60.49
556.12	27.73	50.41	163.84	335.24	17.64
556.54	-63.01	-17.64	128.55	310.03	-88.22
556.96	176.44	10.08	199.13	360.44	0
557.39	65.53	32.77	226.85	453.7	70.58
557.81	108.38	50.41	236.93	398.25	40.33
558.23	108.38	0	161.32	428.5	-10.08
558.66	22.69	95.78	143.67	418.42	-22.69
559.08	-12.6	27.73	136.11	330.2	32.77
559.5	-78.14	22.69	201.65	340.28	42.85
559.93	100.82	95.78	209.21	446.14	57.97
560.35	110.91	-17.64	158.8	335.24	68.06
560.77	65.53	22.69	138.63	431.02	93.26
561.2	25.21	40.33	184	337.76	47.89
561.62	78.14	17.64	171.4	408.33	-42.85
562.04	75.62	-60.49	204.17	362.96	30.25
562.47	5.04	27.73	42.85	413.37	-12.6
562.89	123.51	123.51	189.04	415.9	98.3
563.31	143.67	123.51	252.06	441.1	133.59
563.73	191.56	12.6	171.4	476.39	98.3
564.16	113.43	5.04	176.44	403.29	40.33
564.58	35.29	80.66	211.73	478.91	52.93
565	173.92	103.34	224.33	453.7	52.93
565.43	83.18	-7.56	123.51	347.84	47.89
565.85	128.55	-25.21	173.92	420.94	115.95
566.27	-35.29	-10.08	113.43	365.48	-12.6
566.69	191.56	27.73	163.84	519.24	55.45
567.12	196.61	88.22	244.5	516.72	75.62
567.54	136.11	-27.73	163.84	420.94	73.1
567.96	105.86	65.54	176.44	488.99	128.55
568.38	120.99	-10.08	173.92	423.46	-30.25
568.81	68.06	20.16	141.15	410.85	40.33
569.23	108.38	20.16	128.55	496.55	7.56
569.65	27.73	2.52	181.48	342.8	7.56
570.07	103.34	-45.37	120.99	438.58	45.37
570.49	20.16	-55.45	85.7	425.98	55.45
570.92	241.98	52.93	178.96	476.39	126.03
571.34	-7.56	-30.25	63.01	307.51	-50.41
571.76	158.8	-40.33	156.28	499.07	-2.52
572.18	110.91	-2.52	189.04	446.14	103.34
572.6	2.52	-37.81	143.67	436.06	-27.73
573.03	262.14	113.43	254.58	524.28	151.23
573.45	128.55	35.29	184	410.85	-2.52
573.87	216.77	126.03	166.36	357.92	40.33
574.29	143.67	12.6	209.21	446.14	20.16
574.71	194.08	-15.12	181.48	378.09	15.12
575.13	196.61	93.26	158.8	501.59	176.44
575.56	126.03	47.89	231.89	448.66	7.56
575.98	30.25	-80.66	20.16	269.7	-68.06
576.4	168.88	63.01	151.23	471.35	17.64
576.82	85.7	-17.64	98.3	380.61	73.1
577.24	63.01	5.04	176.44	446.14	12.6
577.66	88.22	-5.04	27.73	385.65	-50.41
578.08	171.4	42.85	141.15	463.79	-5.04
578.51	83.18	20.16	20.16	441.1	-110.91
578.93	57.97	-37.81	55.45	428.5	-22.69
579.35	153.76	25.21	90.74	433.54	-52.93
579.77	158.8	15.12	221.81	436.06	37.81
580.19	123.51	-47.89	98.3	398.25	-7.56
580.61	239.45	50.41	138.63	494.03	110.91
581.03	115.95	-40.33	103.34	383.13	-52.93
581.45	178.96	10.08	120.99	461.27	55.45
581.87	120.99	-63.01	100.82	355.4	-22.69
582.3	234.41	20.16	216.77	425.98	80.66
582.72	158.8	65.54	93.26	488.99	-22.69
583.14	153.76	-35.29	93.26	398.25	15.12
583.56	156.28	-88.22	85.7	373.05	-65.53
583.98	151.23	-12.6	120.99	418.42	98.3
584.4	257.1	2.52	93.26	393.21	115.95
584.82	277.26	-22.69	219.29	388.17	17.64
585.24	158.8	-35.29	85.7	357.92	-27.73
585.66	189.04	-22.69	133.59	370.52	17.64
586.08	234.41	-63.01	88.22	365.48	5.04
586.5	120.99	-95.78	63.01	373.05	-85.7
586.92	219.29	-37.81	90.74	312.55	10.08
587.34	108.38	-37.81	35.29	415.9	22.69
587.76	252.06	-17.64	143.67	461.27	108.38
588.18	214.25	103.34	158.8	388.17	75.62
588.6	196.61	2.52	123.51	443.62	98.3
589.02	196.61	166.36	126.03	511.68	110.91
589.44	269.7	-17.64	133.59	355.4	52.93
589.86	378.09	68.06	153.76	534.36	83.18
590.28	282.3	-15.12	108.38	491.51	37.81
590.7	277.26	-32.77	85.7	453.7	-120.99
591.12	345.32	70.58	141.15	423.46	80.66
591.54	244.5	-37.81	151.23	441.1	55.45
591.96	279.78	-30.25	138.63	385.65	35.29
592.38	254.58	-25.21	32.77	352.88	-75.62
592.8	234.41	63.01	138.63	431.02	52.93
593.22	252.06	27.73	63.01	390.69	52.93
593.64	194.08	50.41	110.91	476.39	60.49
594.06	118.47	-83.18	70.58	368	-20.16
594.48	231.89	5.04	-35.29	476.39	22.69
594.9	272.22	-80.66	32.77	352.88	-110.91
595.32	342.8	65.54	120.99	486.47	98.3
595.74	335.24	7.56	100.82	383.13	68.06
596.16	249.54	17.64	22.69	287.35	22.69
596.58	335.24	55.45	136.11	405.81	57.97
597	322.63	55.45	65.53	431.02	73.1
597.42	304.99	-65.54	95.78	420.94	73.1
597.83	221.81	-5.04	110.91	420.94	20.16
598.25	173.92	-10.08	63.01	400.77	-57.97
598.67	299.95	-40.33	115.95	368	10.08
599.09	380.61	-5.04	80.66	403.29	103.34
599.51	315.07	15.12	98.3	362.96	98.3
599.93	347.84	75.62	57.97	473.87	47.89
600.35	312.55	-108.38	45.37	456.22	-57.97
600.77	262.14	-40.33	-12.6	342.8	32.77
601.19	320.11	75.62	133.59	471.35	37.81
601.6	327.67	50.41	105.86	405.81	65.53
602.02	345.32	-2.52	118.47	476.39	-15.12
602.44	368	-47.89	93.26	433.54	-42.85
602.86	403.29	17.64	136.11	509.16	-45.37
603.28	405.81	70.58	113.43	408.33	5.04
603.7	415.9	5.04	75.62	400.77	52.93
604.12	456.22	78.14	186.52	425.98	85.7
604.53	393.21	20.16	257.1	481.43	17.64
604.95	337.76	-60.49	25.21	362.96	-35.29
605.37	405.81	-2.52	108.38	466.31	-30.25
605.79	390.69	0	95.78	476.39	45.37
606.21	335.24	83.18	98.3	478.91	90.74
606.63	403.29	-5.04	128.55	451.18	148.71
607.04	446.14	-35.29	108.38	491.51	27.73
607.46	519.24	57.97	156.28	499.07	30.25
607.88	360.44	-85.7	22.69	453.7	70.58
608.3	526.8	22.69	151.23	448.66	110.91
608.72	466.31	55.45	55.45	536.88	78.14
609.13	463.79	45.37	171.4	488.99	108.38
609.55	408.33	47.89	126.03	436.06	20.16
609.97	287.35	25.21	95.78	410.85	93.26
610.39	436.06	-15.12	166.36	569.65	85.7
610.81	496.55	90.74	168.88	519.24	105.86
611.22	420.94	-15.12	90.74	380.61	57.97
611.64	478.91	85.7	158.8	562.09	148.71
612.06	436.06	17.64	17.64	380.61	108.38
612.48	443.62	55.45	95.78	478.91	131.07
612.89	466.31	7.56	90.74	481.43	-47.89
613.31	506.64	73.1	123.51	463.79	123.51
613.73	534.36	22.69	118.47	521.76	151.23
614.15	420.94	-60.49	2.52	446.14	12.6
614.56	516.72	15.12	73.1	488.99	17.64
614.98	443.62	2.52	68.06	337.76	178.96
615.4	415.9	-20.16	151.23	483.95	30.25
615.81	529.32	20.16	73.1	549.49	131.07
616.23	587.29	32.77	133.59	456.22	93.26
616.65	494.03	-20.16	138.63	410.85	113.43
617.07	594.86	55.45	231.89	597.38	171.4
617.48	491.51	-95.78	30.25	368	-15.12
617.9	453.7	-42.85	52.93	393.21	52.93
618.32	461.27	-12.6	70.58	385.65	98.3
618.73	562.09	30.25	103.34	461.27	138.63
619.15	496.55	78.14	209.21	577.21	214.25
619.57	501.59	-42.85	42.85	468.83	146.19
619.98	488.99	-10.08	37.81	368	47.89
620.4	531.84	30.25	176.44	446.14	95.78
620.82	506.64	-5.04	52.93	390.69	105.86
621.23	627.62	40.33	35.29	521.76	204.17
621.65	451.18	-47.89	55.45	456.22	115.95
622.07	604.94	22.69	269.7	529.32	191.56
622.48	700.72	151.23	85.7	544.44	224.33
622.9	496.55	-88.22	148.71	357.92	146.19
623.32	501.59	-2.52	98.3	433.54	226.85
623.73	612.5	-2.52	70.58	433.54	226.85
624.15	589.81	22.69	166.36	552.01	186.52
624.56	521.76	-78.14	0	451.18	136.11
624.98	569.65	50.41	163.84	415.9	191.56
625.4	652.83	70.58	168.88	491.51	317.59
625.81	698.2	27.73	229.37	534.36	226.85
626.23	640.23	-22.69	75.62	531.84	365.48
626.64	524.28	-113.43	7.56	373.05	226.85
627.06	804.06	75.62	158.8	539.4	315.07
627.48	718.36	52.93	231.89	554.53	312.55
627.89	539.4	-105.86	-70.58	441.1	163.84
628.31	728.45	-30.25	93.26	453.7	357.92
628.72	710.8	88.22	146.19	509.16	473.87
629.14	715.84	-73.1	123.51	539.4	342.8
629.55	496.55	-118.47	113.43	501.59	352.88
629.97	741.05	50.41	75.62	589.82	420.94
630.39	715.84	17.64	65.54	534.36	332.72
630.8	834.31	80.66	186.52	652.83	436.06
631.22	730.97	42.85	247.02	569.65	423.46
631.63	708.28	73.1	-45.37	584.77	428.5
632.05	834.31	35.29	110.91	574.69	393.21
632.46	920.01	12.6	95.78	672.99	526.8
632.88	758.69	90.74	166.36	635.19	599.9
633.29	761.21	-70.58	68.06	589.81	420.94
633.71	751.13	37.81	219.29	647.79	491.51
634.12	879.68	83.18	289.87	675.51	599.9
634.54	806.58	55.45	234.41	604.94	620.06
634.95	877.16	0	196.61	640.23	688.12
635.37	867.08	-83.18	42.85	574.69	640.23
635.78	766.26	0	118.47	683.08	622.58
636.2	887.24	22.69	138.63	773.82	713.32
636.61	967.9	63.01	340.28	736.01	884.72
637.03	970.42	-2.52	199.13	851.96	788.94
637.44	942.7	-63.01	98.3	587.29	741.05
637.86	1041	63.01	206.69	710.8	831.79
638.27	1076.29	25.21	267.18	831.79	983.02
638.69	962.86	50.41	272.22	761.21	1048.56
639.1	1033.44	-27.73	110.91	819.19	960.34
639.52	1030.92	-47.89	143.67	751.13	1035.96
639.93	1051.08	2.52	178.96	788.94	1010.75
640.35	1063.68	50.41	226.85	945.22	1126.7
640.76	1124.18	100.82	262.14	907.41	1227.52
641.17	1071.25	-50.41	229.37	897.33	1207.36
641.59	1219.96	37.81	259.62	854.48	1219.96
642	1247.69	47.89	204.17	889.76	1330.86
642.42	1232.56	5.04	254.58	975.46	1426.65
642.83	1335.91	12.6	204.17	970.42	1451.85
643.24	1257.77	-22.69	146.19	993.11	1557.72
643.66	1295.58	15.12	357.92	1005.71	1676.18
644.07	1272.89	-63.01	262.14	1046.04	1585.44
644.49	1366.15	30.25	335.24	1109.05	1897.99
644.9	1529.99	-52.93	315.07	1086.37	1799.69
645.31	1547.63	78.14	380.61	1270.37	1908.08
645.73	1519.91	-40.33	322.63	1187.19	1935.8
646.14	1653.5	-10.08	327.67	1204.84	2074.43
646.56	1650.98	88.22	352.88	1207.36	2205.5
646.97	1620.73	12.6	395.73	1298.1	2170.22
647.38	1570.32	2.52	463.79	1318.26	2346.66
647.8	1706.43	0	453.7	1320.78	2392.03
648.21	1817.34	7.56	453.7	1383.8	2576.03
648.62	1885.39	60.49	476.39	1497.22	2775.16
649.04	1817.34	50.41	365.48	1542.59	2807.92
649.45	1887.91	0	413.37	1464.46	2772.63
649.86	2071.91	-57.97	428.5	1625.77	3054.94
650.28	1981.17	5.04	466.31	1542.59	3201.13
650.69	1971.09	-15.12	395.73	1580.4	3160.8
651.1	2318.93	98.3	531.84	1731.64	3427.98
651.52	2182.82	57.97	549.49	1812.29	3604.42
651.93	2185.34	-123.51	436.06	1777.01	3627.11
652.34	2331.53	73.1	546.97	1968.57	3906.89
652.76	2442.44	-25.21	562.09	2071.91	4078.29
653.17	2485.29	95.78	541.92	2044.19	4151.39
653.58	2722.22	45.37	660.39	2155.09	4360.6
654	2681.89	-15.12	546.97	2210.55	4421.09
654.41	2742.39	7.56	647.79	2195.42	4819.34
654.82	2810.44	2.52	655.35	2316.41	5371.35
655.23	2941.51	30.25	733.49	2371.86	6041.82
655.65	3140.64	12.6	786.42	2591.15	7012.24
656.06	3246.5	55.45	713.32	2530.66	7470.99
656.47	3226.34	45.37	793.98	2606.28	7707.92
656.88	3284.31	42.85	781.38	2810.44	7594.5
657.3	3307	2.52	801.54	2805.4	7276.91
657.71	3400.26	17.64	857	2848.25	7322.28
658.12	3599.38	103.34	950.26	3155.76	7397.89
658.53	3755.66	-5.04	977.98	2991.92	7181.12
658.95	3753.14	7.56	854.48	3201.13	7478.55
659.36	3944.7	2.52	914.97	3216.26	7639.87
659.77	4055.61	83.18	983.02	3397.74	7846.56
660.18	4123.66	52.93	983.02	3375.05	8179.27
660.6	4345.47	-20.16	1051.08	3450.67	8388.48
661.01	4564.76	-5.04	1151.9	3753.14	8736.32
661.42	4504.27	-22.69	1058.64	3740.54	8940.49
661.83	4801.7	-65.54	1262.81	3934.62	9164.82
662.24	4927.73	42.85	1282.97	4166.51	9736.99
662.66	5167.18	15.12	1265.33	4227.01	10004.17
663.07	5242.8	83.18	1285.49	4176.6	10286.47
663.48	5288.17	17.64	1431.69	4365.64	10651.96
663.89	5673.82	-27.73	1492.18	4532	11203.96
664.3	5701.54	10.08	1371.19	4746.25	11627.42
664.71	5983.85	85.7	1598.05	5026.03	12441.57
665.13	6243.47	7.56	1479.58	4980.66	12280.25
665.54	6107.36	-32.77	1552.68	5159.62	12907.87
665.95	6334.21	-22.69	1686.27	5638.53	13356.54
666.36	6644.24	83.18	1613.17	5530.15	14024.49
666.77	7042.49	52.93	1814.82	5767.08	14437.86
667.18	6949.23	50.41	1746.76	5923.36	15161.27
667.59	7279.43	15.12	1860.19	6314.05	15667.91
668.01	7619.7	25.21	1953.45	6243.47	15982.98
668.42	7491.15	35.29	2142.49	6447.64	16812.25
668.83	7675.16	47.89	2051.75	6586.27	17434.83
669.24	7970.06	22.69	2026.54	6641.72	18009.52
669.65	8254.89	-35.29	2071.91	6830.76	18536.32
670.06	8446.45	22.69	2142.49	6979.48	19080.77
670.47	8451.49	-73.1	2074.43	7150.88	19819.3
670.88	8678.35	-88.22	2298.77	7284.47	19872.23
671.29	9253.04	40.33	2470.17	7889.41	21205.61
671.71	9280.76	7.56	2505.45	7891.93	21419.86
672.12	9399.23	52.93	2419.75	8227.16	22044.97
672.53	9590.8	63.01	2573.51	8166.67	23327.94
672.94	9628.6	27.73	2520.58	8156.59	23244.76
673.35	10024.33	-2.52	2646.61	8685.91	24384.06
673.76	10079.79	47.89	2664.25	8690.95	24757.11
674.17	10588.94	20.16	2770.11	9079.12	25999.75
674.58	10440.23	12.6	2739.87	8993.42	26251.81
674.99	10714.97	-52.93	2853.29	9063.99	26904.64
675.4	10674.64	-40.33	2881.02	9174.9	27252.48
675.81	11153.55	85.7	2964.2	9628.6	28522.85
676.22	11158.59	47.89	3080.15	9784.88	29445.38
676.63	11186.32	25.21	2913.79	9817.65	30073
677.04	11329.99	-25.21	3007.05	9827.73	29896.56
677.45	11740.85	-5.04	3180.97	10107.51	31126.6
677.86	11967.7	20.16	3269.19	10198.25	31539.98
678.27	11813.94	-88.22	3296.91	10283.95	32102.07
678.68	12164.3	45.37	3226.34	10573.82	33528.71
679.09	11950.06	2.52	3312.04	10437.71	33876.55
679.5	12360.91	-22.69	3301.96	10883.85	34403.35
679.91	12250	-10.08	3375.05	10629.27	35048.62
680.32	12645.73	7.56	3412.86	10556.18	36084.58
680.73	12181.95	10.08	3463.27	10833.44	34763.8
681.14	12484.42	17.64	3458.23	10904.02	36082.06
681.55	12232.36	-7.56	3425.46	10914.1	35363.69
681.96	12451.65	0	3390.18	11014.92	37178.51
682.37	12892.75	12.6	3443.11	11143.47	37801.09
682.78	12754.12	65.54	3463.27	11191.36	38065.75
683.19	12499.54	105.86	3458.23	11219.09	37571.72
683.6	12459.21	-12.6	3417.9	11093.06	38552.22
684.01	12688.58	73.1	3425.46	11367.8	38748.83
684.42	12759.16	7.56	3543.93	11287.14	38660.61
684.83	12670.94	-7.56	3375.05	11002.32	39003.41
685.24	12587.76	52.93	3417.9	11231.69	39832.68
685.65	12343.27	-2.52	3541.41	11002.32	39565.5
686.06	12431.49	78.14	3478.4	11327.47	40026.76
686.47	12156.74	5.04	3392.7	10972.07	39328.56
686.88	12436.53	120.99	3412.86	11289.66	40079.69
687.29	12184.47	37.81	3392.7	11279.58	40301.5
687.69	12242.44	60.49	3405.3	10841	40188.08
688.1	12171.87	30.25	3425.46	10742.7	39540.29
688.51	12282.77	65.54	3385.13	10931.74	40114.98
688.92	12159.26	25.21	3329.68	10709.93	39978.87
689.33	11990.38	-5.04	3236.42	10657	39305.88
689.74	11876.96	128.55	3359.93	10843.52	39817.55
690.15	11748.41	93.26	3221.3	10657	40127.58
690.56	11738.33	40.33	3100.31	10518.37	38980.72
690.96	11529.12	40.33	3148.2	10478.04	38516.94
691.37	11274.54	-7.56	3216.26	10460.39	39373.93
691.78	11319.91	50.41	3170.89	9986.53	38784.12
692.19	11261.94	136.11	3107.87	10011.73	38201.86
692.6	11198.92	73.1	3112.91	9679.02	37551.56
693.01	10999.8	-7.56	3029.73	10052.06	37458.29
693.42	10682.2	90.74	2908.75	9802.52	36986.95
693.82	10813.28	70.58	2981.84	9777.32	37478.46
694.23	10571.3	25.21	2936.47	9661.37	36606.34
694.64	10394.86	-42.85	2873.46	9515.18	36344.2
695.05	10480.56	75.62	2959.16	9469.81	36460.15
695.46	10336.89	7.56	2976.8	9298.41	35961.07
695.87	10296.56	60.49	2888.58	9437.04	35832.52
696.27	10016.77	93.26	2765.07	9328.66	35194.82
696.68	9963.84	148.71	2805.4	8995.94	35527.53
697.09	9863.02	70.58	2855.81	8907.72	34229.43
697.5	9668.93	52.93	2828.09	8975.77	34466.37
697.91	9442.08	118.47	2777.68	8701.03	34042.91
698.31	9361.42	-47.89	2608.8	8597.69	33735.4
698.72	9434.52	42.85	2628.96	8577.52	33606.85
699.13	9283.28	75.62	2570.99	8270.01	33009.48
699.54	9109.37	32.77	2570.99	8209.52	32611.22
699.94	8882.51	-20.16	2412.19	7952.42	32318.84
700.35	8600.21	-70.58	2495.37	7922.17	31489.57
700.76	8834.62	-60.49	2596.19	8043.16	31804.64
701.17	8683.39	-17.64	2376.9	7707.92	30884.63
701.57	8448.97	52.93	2407.15	7753.29	30128.46
701.98	8338.07	35.29	2283.64	7642.39	29750.37
702.39	8038.12	50.41	2298.77	7501.24	29127.79
702.8	8204.48	-32.77	2321.45	7430.66	29377.32
703.2	8030.56	75.62	2286.16	7385.29	28457.31
703.61	7884.36	103.34	2311.37	7264.3	28694.25
704.02	7662.55	-15.12	2180.3	7017.29	26834.06
704.43	7773.46	-50.41	2046.71	6931.59	27859.94
704.83	7564.25	113.43	2215.59	6921.5	27607.88
705.24	7559.21	100.82	2162.65	6911.42	27136.53
705.65	7322.28	-5.04	2124.85	6853.45	26289.62
706.05	7186.16	-73.1	1976.13	6556.02	26052.68
706.46	7002.16	35.29	2112.24	6482.92	26055.2
706.87	7012.24	7.56	2114.76	6321.61	25246.1
707.27	6873.61	7.56	2064.35	6374.54	25092.34
707.68	6732.46	50.41	1925.72	6251.03	24598.31
708.09	6828.24	80.66	2031.58	6142.65	24341.21
708.49	6419.91	113.43	1895.47	6097.28	23950.52
708.9	6563.58	15.12	1880.35	5958.64	23663.18
709.31	6480.4	30.25	1754.32	5847.74	23423.72
709.71	6324.13	-88.22	1711.47	5807.41	23363.23
710.12	6404.79	35.29	1961.01	5681.38	23156.54
710.53	6266.15	75.62	1885.39	5646.09	22241.57
710.93	6024.18	10.08	1721.55	5497.38	22355
711.34	5993.93	118.47	1887.91	5600.72	21679.48
711.75	5905.71	95.78	1766.92	5371.35	21797.95
712.15	5923.36	-2.52	1645.94	5343.62	21457.67
712.56	5693.98	128.55	1595.53	5225.16	20361.22
712.96	5555.35	-25.21	1721.55	5207.51	20787.2
713.37	5560.39	-7.56	1688.79	5063.84	20068.83
713.78	5262.96	10.08	1542.59	5071.4	19892.39
714.18	5313.38	-17.64	1587.96	5010.91	19375.67
714.59	5449.49	10.08	1550.15	4874.8	19499.18
714.99	4973.1	0	1492.18	4731.12	18783.34
715.4	5028.55	-30.25	1484.62	4642.9	18599.34
715.81	4947.89	80.66	1547.63	4569.81	18826.19
716.21	4937.81	17.64	1444.29	4587.45	18160.76
716.62	4985.7	27.73	1429.17	4476.54	17734.78
717.02	4834.47	103.34	1335.91	4411.01	17989.36
717.43	4642.9	136.11	1401.44	4277.42	17417.19
717.83	4809.26	118.47	1414.04	4368.16	17180.25
718.24	4602.57	65.53	1313.22	4262.3	17139.92
718.65	4567.29	115.95	1310.7	4252.21	16350.98
719.05	4501.75	-35.29	1333.39	4060.65	16262.76
719.46	4312.71	100.82	1290.54	4010.24	16063.64
719.86	4254.73	83.18	1396.4	4118.62	15960.29
720.27	4456.38	105.86	1305.66	3995.11	15635.14
720.67	4267.34	42.85	1222.48	3987.55	15809.06
721.08	4186.68	103.34	1149.38	3846.4	15138.58
721.48	4063.17	63.01	1194.75	3901.85	15007.52
721.89	4022.84	70.58	1141.82	3775.82	14692.44
722.29	4058.13	90.74	1119.14	3596.86	14566.41
722.7	3937.14	141.15	1270.37	3755.66	14561.37
723.1	3942.18	55.45	1126.7	3617.03	14037.09
723.51	3982.51	95.78	1051.08	3554.01	14057.26
723.91	3828.76	27.73	1126.7	3435.55	13432.15
724.32	3692.65	93.26	1096.45	3465.79	13374.18
724.72	3559.05	-17.64	1111.57	3359.93	13578.35
725.13	3901.85	143.67	1204.84	3412.86	13225.47
725.53	3599.38	-45.37	1020.83	3254.06	13162.45
725.94	3538.89	131.07	1078.81	3380.09	12902.83
726.34	3561.58	-30.25	940.18	3327.16	12595.32
726.75	3546.45	90.74	1018.31	3319.6	12711.27
727.15	3521.25	2.52	990.59	3206.17	12018.11
727.55	3443.11	-161.32	1076.29	3208.69	12428.96
727.96	3440.59	2.52	985.55	3087.71	11955.1
728.36	3387.66	27.73	1048.56	3128.04	12227.32
728.77	3430.51	83.18	952.78	3128.04	11854.27
729.17	3090.23	0	932.61	3029.73	11634.98
729.58	3243.98	156.28	1038.48	2926.39	11755.97
729.98	3110.39	17.64	1073.77	2979.32	11511.47
730.38	3203.65	20.16	834.31	2858.33	10883.85
730.79	3138.12	-75.62	864.56	2860.85	11183.8
731.19	3059.98	27.73	778.86	2727.26	11007.36
731.6	3097.79	57.97	872.12	3019.65	10929.22
732	3029.73	105.86	864.56	2878.5	10883.85
732.4	2974.28	42.85	1073.77	2865.9	11072.89
732.81	2928.91	42.85	869.6	2785.24	10619.19
733.21	2961.68	7.56	791.46	2689.46	10442.75
733.62	2765.07	-70.58	773.82	2674.33	10536.01
734.02	2921.35	75.62	857	2593.67	10457.87
734.42	2883.54	65.53	751.13	2603.76	10367.13
734.83	2926.39	181.48	887.24	2754.99	10266.31
735.23	2760.03	30.25	781.38	2686.94	10168.01
735.63	2818	-17.64	834.31	2558.39	10052.06
736.04	2777.68	2.52	736.01	2495.37	9953.76
736.44	2719.7	-42.85	725.93	2457.56	9779.84
736.84	2780.2	105.86	882.2	2719.7	9852.94
737.25	2719.7	-22.69	862.04	2414.71	9812.61
737.65	2684.41	45.37	804.06	2351.7	9709.26
738.05	2744.91	166.36	801.54	2470.17	9578.19
738.46	2548.3	-17.64	733.49	2417.23	9454.68
738.86	2626.44	17.64	826.75	2523.1	9477.37
739.26	2651.65	5.04	741.05	2276.08	9142.13
739.67	2533.18	60.49	713.32	2409.67	9419.4
740.07	2565.95	52.93	748.61	2407.15	9210.19
740.47	2661.73	115.95	778.86	2465.12	9424.44
740.87	2505.45	45.37	720.89	2366.82	9099.28
741.28	2475.21	10.08	630.14	2389.51	9142.13
741.68	2427.32	22.69	819.19	2316.41	9021.14
742.08	2518.06	2.52	733.49	2177.78	8834.62
742.49	2611.32	108.38	809.11	2218.11	9116.93
742.89	2598.71	128.55	809.11	2349.18	8960.65
743.29	2497.89	5.04	725.93	2397.07	9023.67
743.69	2465.12	-22.69	703.24	2213.07	9258.08
744.1	2392.03	68.06	615.02	2182.82	8973.25
744.5	2485.29	146.19	816.67	2273.56	9099.28
744.9	2502.93	108.38	733.49	2361.78	8827.06
745.3	2593.67	70.58	834.31	2402.11	8932.92
745.71	2407.15	20.16	761.21	2288.68	8950.57
746.11	2490.33	30.25	688.12	2230.71	8882.51
746.51	2545.78	143.67	761.21	2210.55	8935.45
746.91	2523.1	27.73	834.31	2356.74	8978.3
747.31	2467.64	68.06	761.21	2293.72	9061.47
747.72	2386.99	35.29	657.87	2308.85	8741.36
748.12	2303.81	93.26	667.95	2318.93	8726.24
748.52	2492.85	123.51	733.49	2248.35	8713.63
748.92	2381.95	-20.16	720.89	2258.44	8932.92
749.32	2434.88	63.01	768.78	2160.13	8852.27
749.73	2470.17	126.03	773.82	2162.65	8716.16
750.13	2273.56	27.73	637.71	2152.57	8643.06
750.53	2308.85	206.69	763.73	2366.82	8627.93
750.93	2273.56	52.93	703.24	2301.29	8345.63
751.33	2263.48	10.08	657.87	2137.45	8514.51
751.73	2238.27	-68.06	541.92	2099.64	8305.3
752.14	2258.44	27.73	693.16	2036.63	8282.62
752.54	2225.67	73.1	637.71	2036.63	8098.61
752.94	2286.16	30.25	796.5	2213.07	8201.96
753.34	2301.29	52.93	713.32	2041.67	8068.37
753.74	2210.55	73.1	632.66	2006.38	8035.6
754.14	2079.48	63.01	652.83	2069.39	7760.86
754.54	2142.49	-20.16	612.5	1968.57	7786.06
754.95	2102.16	-32.77	491.51	1897.99	7652.47
755.35	2205.5	12.6	541.92	1955.97	7624.75
755.75	2084.52	85.7	597.38	2049.23	7428.14
756.15	2039.15	-30.25	617.54	1935.8	7387.81
756.55	1963.53	55.45	655.35	1966.05	7342.44
756.95	2046.71	153.76	617.54	1933.28	7327.32
757.35	1976.13	-45.37	519.24	1792.13	7276.91
757.75	1953.45	78.14	630.14	1857.67	7123.15
758.15	2031.58	126.03	625.1	1950.93	6974.44
758.55	2026.54	103.34	574.69	1837.5	6997.12
758.96	1845.06	17.64	524.28	1802.21	7037.45
759.36	1777.01	-47.89	546.97	1678.7	6934.11
759.76	1777.01	85.7	519.24	1779.53	6760.19
760.16	1799.69	57.97	420.94	1618.21	6581.23
760.56	1961.01	78.14	567.13	1721.55	6656.84
760.96	1870.27	120.99	504.12	1769.45	6540.9
761.36	1794.65	-32.77	499.07	1671.14	6361.94
761.76	1645.94	12.6	423.46	1582.92	6104.84
762.16	1547.63	60.49	524.28	1565.28	6283.8
762.56	1701.39	108.38	504.12	1605.61	6258.59
762.96	1759.36	184	554.53	1560.24	6077.11
763.36	1676.18	68.06	531.84	1545.11	6132.56
763.76	1676.18	-35.29	463.79	1509.83	5910.75
764.16	1535.03	103.34	390.69	1429.17	5933.44
764.56	1618.21	65.53	456.22	1401.44	5658.7
764.96	1582.92	40.33	433.54	1449.33	5751.96
765.36	1487.14	-30.25	370.52	1318.26	5613.32
765.76	1550.15	173.92	420.94	1449.33	5512.5
766.16	1466.98	148.71	476.39	1441.77	5484.78
766.56	1482.1	10.08	410.85	1376.24	5323.46
766.96	1398.92	-78.14	375.57	1222.48	5300.77
767.36	1451.85	73.1	461.27	1320.78	5404.12
767.76	1519.91	138.63	471.35	1393.88	5275.57
768.16	1414.04	115.95	398.25	1275.41	5020.99
768.56	1426.65	206.69	403.29	1315.74	4955.45
768.96	1373.71	176.44	441.1	1232.56	5202.47
769.36	1386.32	181.48	410.85	1169.55	4945.37
769.76	1353.55	254.58	375.57	1323.3	4874.8
770.16	1361.11	236.93	347.84	1242.64	4703.4
770.56	1436.73	191.56	451.18	1260.29	4811.78
770.96	1298.1	247.02	448.66	1219.96	4670.63
771.36	1298.1	254.58	420.94	1179.63	4494.19
771.75	1209.88	219.29	284.83	1182.15	4448.82
772.15	1232.56	224.33	360.44	1083.85	4557.2
772.55	1255.25	342.8	357.92	1245.17	4463.94
772.95	1214.92	332.72	373.05	1174.59	4201.8
773.35	1192.23	292.39	315.07	1159.47	4257.25
773.75	1237.6	352.88	370.52	1167.03	4229.53
774.15	1114.1	307.51	267.18	1041	4206.84
774.55	1134.26	433.54	312.55	1028.4	4216.93
774.95	1010.75	196.61	289.87	1000.67	4002.68
775.35	1144.34	408.33	413.37	1086.37	4058.13
775.74	1025.87	317.59	347.84	962.86	3871.61
776.14	1096.45	216.77	279.78	955.3	3801.03
776.54	995.63	317.59	264.66	1028.4	3722.89
776.94	844.39	277.26	189.04	877.16	3687.6
777.34	942.7	247.02	264.66	1035.96	3675
777.74	909.93	342.8	368	990.59	3634.67
778.14	1033.44	302.47	294.91	950.26	3427.98
778.53	922.53	312.55	229.37	899.85	3503.6
778.93	1086.37	443.62	345.32	1076.29	3554.01
779.33	937.65	393.21	345.32	957.82	3548.97
779.73	922.53	269.7	277.26	788.94	3319.6
780.13	829.27	428.5	221.81	864.56	3322.12
780.53	869.6	299.95	194.08	869.6	3231.38
780.92	753.65	433.54	229.37	854.48	3193.57
781.32	766.26	340.28	214.25	720.88	3082.67
781.72	894.8	362.96	241.98	814.15	3075.1
782.12	796.5	362.96	284.83	809.11	3007.05
782.52	826.75	320.11	115.95	836.83	2938.99
782.91	791.46	378.09	163.84	771.3	3019.65
783.31	907.41	400.77	239.45	776.34	2898.66
783.71	914.97	436.06	335.24	892.28	2916.31
784.11	887.24	310.03	153.76	715.84	2792.8
784.5	645.27	345.32	168.88	713.32	2770.11
784.9	793.98	476.39	241.98	625.1	2734.83
785.3	746.09	347.84	201.65	665.43	2760.03
785.7	730.97	410.85	181.48	728.45	2689.46
786.09	862.04	463.79	247.02	685.6	2593.67
786.49	700.72	423.46	216.77	698.2	2611.32
786.89	819.19	534.36	327.67	788.94	2550.82
787.29	834.31	380.61	259.62	617.54	2606.28
787.68	713.32	504.12	307.51	645.27	2608.8
788.08	756.17	468.83	206.69	713.32	2565.95
788.48	672.99	403.29	226.85	589.81	2455.04
788.88	579.73	471.35	214.25	617.54	2386.99
789.27	788.94	544.44	304.99	741.05	2397.07
789.67	738.53	546.97	282.3	680.56	2356.74
790.07	685.6	514.2	239.45	652.83	2412.19
790.46	652.83	514.2	226.85	625.1	2235.75
790.86	599.9	546.97	118.47	592.34	2278.6
791.26	559.57	516.72	158.8	567.13	2281.12
791.66	617.54	534.36	123.51	579.73	2109.72
792.05	700.72	612.5	204.17	599.9	2177.78
792.45	615.02	589.81	173.92	625.1	2260.96
792.85	607.46	612.5	161.32	478.91	2248.35
793.24	554.53	536.88	194.08	534.36	2084.52
793.64	675.51	640.23	194.08	660.39	2107.2
794.04	592.34	748.61	189.04	526.8	2051.75
794.43	584.77	758.69	151.23	630.14	1852.62
794.83	529.32	814.15	178.96	582.25	1978.65
795.22	546.97	1038.48	302.47	516.72	1935.8
795.62	536.88	1023.35	80.66	476.39	1930.76
796.02	481.43	1023.35	181.48	425.98	1887.91
796.41	473.87	1106.53	113.43	403.29	1875.31
796.81	567.13	1008.23	184	529.32	1817.34
797.21	231.89	942.7	-32.77	279.78	1716.51
797.6	468.83	1073.77	141.15	438.58	1703.91
798	433.54	925.05	98.3	385.65	1819.86
798.39	405.81	1073.77	90.74	519.24	1706.43
798.79	504.12	952.78	113.43	456.22	1754.32
799.19	466.31	1020.83	166.36	473.87	1688.79
799.58	494.03	1154.42	98.3	365.48	1653.5
799.98	403.29	1041	68.06	400.77	1552.68
800.37	491.51	1298.1	236.93	466.31	1676.18
800.77	385.65	1376.24	143.67	436.06	1529.99
801.16	476.39	1409	173.92	557.05	1663.58
801.56	357.92	1353.55	204.17	481.43	1550.15
801.96	315.07	1451.85	-12.6	345.32	1519.91
802.35	496.55	1799.69	161.32	466.31	1598.05
802.75	458.75	2092.08	47.89	526.8	1595.53
803.14	418.42	2545.78	42.85	335.24	1419.08
803.54	552.01	4375.72	178.96	458.74	1421.61
803.93	375.57	10296.56	85.7	322.63	1260.29
804.33	403.29	29223.57	100.82	423.46	1388.84
804.72	332.72	62374.2	40.33	357.92	1409
805.12	234.41	63828.57	85.7	380.61	1351.03
805.51	332.72	64042.82	98.3	375.57	1351.03
805.91	362.96	64032.74	108.38	466.31	1398.92
806.3	259.62	63793.28	-17.64	214.25	1315.74
806.7	310.03	63722.71	88.22	279.78	1272.89
807.09	345.32	64017.61	90.74	312.55	1257.77
807.49	373.05	64027.7	105.86	365.48	1282.97
807.88	481.43	64095.75	143.67	375.57	1230.04
808.28	337.76	64017.61	204.17	388.17	1366.15
808.67	456.22	64148.68	249.54	461.27	1368.67
809.07	347.84	64055.42	30.25	347.84	1222.48
809.46	337.76	63977.28	52.93	304.99	1131.74
809.86	408.33	63921.83	83.18	373.05	1295.58
810.25	322.63	63952.08	181.48	395.73	1144.34
810.65	297.43	54520.08	12.6	310.03	1124.18
811.04	299.95	29304.23	55.45	335.24	1199.79
811.44	325.15	15952.73	120.99	342.8	1076.29
811.83	272.22	8900.16	98.3	299.95	1114.1
812.22	226.85	5323.46	105.86	221.81	1038.48
812.62	138.63	3571.66	80.66	194.08	1018.31
813.01	184	2689.46	-57.97	163.84	1038.48
813.41	148.71	2082	2.52	199.13	897.33
813.8	257.1	1784.57	-17.64	269.7	1051.08
814.2	335.24	1572.84	206.69	453.7	1167.03
814.59	204.17	1290.54	20.16	325.15	980.5
814.98	370.52	1225	146.19	284.83	1066.2
815.38	289.87	1129.22	108.38	239.45	962.86
815.77	347.84	1005.71	146.19	292.39	1023.35
816.16	234.41	778.86	-47.89	151.23	877.16
816.56	239.45	857	78.14	294.91	962.86
816.95	312.55	698.2	131.07	257.1	970.42
817.35	342.8	733.49	100.82	310.03	1025.87
817.74	211.73	720.88	-7.56	166.36	877.16
818.13	236.93	688.12	88.22	191.56	942.7
818.53	279.78	587.29	75.62	181.48	1003.19
818.92	304.99	660.39	113.43	214.25	909.93
819.31	335.24	622.58	30.25	302.47	862.04
819.71	287.35	680.56	35.29	312.55	766.26
820.1	221.81	559.57	90.74	249.54	874.64
820.49	151.23	564.61	37.81	161.32	831.79
820.89	204.17	438.58	45.37	204.17	846.91
821.28	214.25	494.03	20.16	221.81	882.2
821.67	115.95	433.54	60.49	199.13	862.04
822.07	168.88	524.28	-2.52	221.81	771.3
822.46	247.02	491.51	93.26	219.29	796.5
822.85	317.59	496.55	143.67	216.77	917.49
823.25	181.48	390.69	42.85	247.02	761.21
823.64	279.78	423.46	120.99	287.35	851.95
824.03	199.13	476.39	98.3	302.47	781.38
824.42	330.2	413.37	47.89	249.54	816.67
824.82	194.08	385.65	-10.08	156.28	761.21
825.21	176.44	357.92	42.85	191.56	695.68
825.6	216.77	199.13	55.45	83.18	640.23
826	141.15	355.4	60.49	209.21	708.28
826.39	141.15	365.48	27.73	128.55	768.78
826.78	244.5	307.51	52.93	136.11	667.95
827.17	244.5	378.09	55.45	158.8	857
827.57	234.41	398.25	80.66	325.15	758.69
827.96	241.98	408.33	113.43	284.83	788.94
828.35	277.26	362.96	73.1	229.37	710.8
828.74	219.29	373.05	90.74	297.43	657.87
829.14	214.25	330.2	73.1	176.44	801.54
829.53	25.21	163.84	-35.29	120.99	534.36
829.92	141.15	310.03	20.16	113.43	625.1
830.31	141.15	209.21	10.08	204.17	620.06
830.7	277.26	267.18	110.91	158.8	622.58
831.1	186.52	257.1	85.7	211.73	587.29
831.49	277.26	267.18	63.01	224.33	622.58
831.88	219.29	229.37	52.93	181.48	627.62
832.27	83.18	224.33	2.52	146.19	572.17
832.66	98.3	110.91	-50.41	123.51	559.57
833.06	221.81	267.18	42.85	191.56	609.98
833.45	176.44	173.92	32.77	146.19	700.72
833.84	131.07	141.15	17.64	156.28	521.76
834.23	216.77	247.02	123.51	247.02	650.31
834.62	113.43	156.28	65.54	204.17	612.5
835.01	214.25	201.65	55.45	123.51	567.13
835.4	221.81	292.39	156.28	184	622.58
835.8	355.4	342.8	206.69	287.35	703.24
836.19	221.81	241.98	161.32	239.45	667.95
836.58	50.41	176.44	-65.53	68.06	483.95
836.97	118.47	153.76	57.97	186.52	395.73
837.36	219.29	156.28	45.37	146.19	577.21
837.75	163.84	224.33	32.77	168.88	683.08
838.14	108.38	120.99	-30.25	131.07	546.97
838.53	327.67	332.72	194.08	337.76	703.24
838.93	181.48	211.73	100.82	269.7	589.81
839.32	168.88	176.44	83.18	196.61	544.44
839.71	176.44	186.52	22.69	136.11	496.55
840.1	120.99	2.52	-153.76	57.97	378.09
840.49	73.1	123.51	45.37	224.33	504.12
840.88	189.04	241.98	78.14	148.71	607.46
841.27	141.15	110.91	40.33	65.53	531.84
841.66	60.49	47.89	-118.47	133.59	501.59
842.05	141.15	75.62	55.45	153.76	567.13
842.44	52.93	15.12	-83.18	68.06	456.22
842.83	118.47	63.01	-55.45	22.69	451.18
843.22	110.91	7.56	27.73	88.22	466.31
843.61	105.86	63.01	-30.25	88.22	420.94
844.01	196.61	103.34	47.89	120.99	456.22
844.4	5.04	45.37	-37.81	80.66	370.52
844.79	189.04	47.89	88.22	131.07	486.47
845.18	123.51	78.14	60.49	151.23	481.43
845.57	181.48	-7.56	37.81	83.18	463.79
845.96	214.25	55.45	73.1	173.92	473.87
846.35	123.51	88.22	45.37	123.51	448.66
846.74	146.19	30.25	37.81	131.07	481.43
847.13	143.67	83.18	60.49	163.84	436.06
847.52	95.78	47.89	83.18	166.36	473.87
847.91	181.48	75.62	168.88	209.21	516.72
848.3	171.4	-27.73	-47.89	126.03	375.57
848.69	118.47	17.64	35.29	85.7	423.46
849.08	194.08	85.7	75.62	178.96	451.18
849.47	12.6	-50.41	-37.81	70.58	355.4
849.86	93.26	105.86	63.01	153.76	405.81
850.25	158.8	32.77	-5.04	151.23	436.06
850.64	211.73	95.78	105.86	216.77	448.66
851.02	131.07	0	35.29	110.91	428.5
851.41	-12.6	-47.89	-37.81	-42.85	221.81
851.8	123.51	25.21	-7.56	148.71	390.69
852.19	95.78	12.6	-32.77	90.74	360.44
852.58	15.12	-95.78	-63.01	-7.56	315.07
852.97	2.52	35.29	-52.93	80.66	315.07
853.36	75.62	-88.22	-10.08	7.56	373.05
853.75	176.44	108.38	-2.52	52.93	347.84
854.14	133.59	5.04	-17.64	37.81	373.05
854.53	120.99	7.56	57.97	37.81	408.33
854.92	143.67	118.47	105.86	153.76	425.98
855.31	93.26	-68.06	-32.77	80.66	340.28
855.7	133.59	-2.52	10.08	123.51	385.65
856.08	128.55	128.55	141.15	136.11	395.73
856.47	178.96	105.86	93.26	173.92	277.26
856.86	211.73	5.04	63.01	98.3	299.95
857.25	224.33	70.58	30.25	181.48	473.87
857.64	136.11	65.54	2.52	70.58	335.24
858.03	133.59	133.59	78.14	156.28	378.09
858.42	93.26	17.64	-5.04	85.7	355.4
858.81	110.91	-37.81	-68.06	5.04	294.91
859.19	141.15	103.34	68.06	20.16	287.35
859.58	50.41	7.56	-50.41	68.06	317.59
859.97	123.51	7.56	17.64	118.47	350.36
860.36	78.14	25.21	-73.1	55.45	224.33
860.75	133.59	55.45	17.64	171.4	390.69
861.14	123.51	7.56	5.04	100.82	269.7
861.52	5.04	-35.29	10.08	57.97	252.06
861.91	78.14	-10.08	-35.29	65.54	254.58
862.3	120.99	15.12	5.04	105.86	289.87
862.69	120.99	110.91	85.7	184	332.72
863.08	176.44	108.38	100.82	80.66	332.72
863.46	37.81	50.41	-52.93	22.69	191.56
863.85	27.73	-45.37	-65.54	30.25	201.65
864.24	37.81	-95.78	-68.06	42.85	264.66
864.63	85.7	40.33	108.38	7.56	408.33
865.02	35.29	25.21	30.25	50.41	209.21
865.4	100.82	93.26	-17.64	47.89	322.63
865.79	17.64	-108.38	-15.12	-20.16	199.13
866.18	63.01	40.33	35.29	161.32	234.41
866.57	37.81	138.63	-22.69	184	330.2
866.95	153.76	30.25	75.62	73.1	282.3
867.34	80.66	-12.6	-40.33	68.06	216.77
867.73	32.77	40.33	-60.49	2.52	229.37
868.12	50.41	35.29	70.58	50.41	297.43
868.5	0	-57.97	-17.64	25.21	143.67
868.89	30.25	7.56	83.18	-2.52	257.1
869.28	32.77	-32.77	-37.81	45.37	224.33
869.67	10.08	70.58	146.19	25.21	234.41
870.05	15.12	-25.21	80.66	47.89	259.62
870.44	63.01	-27.73	15.12	30.25	277.26
870.83	68.06	-47.89	-70.58	40.33	186.52
871.21	47.89	-5.04	55.45	141.15	224.33
871.6	158.8	70.58	35.29	171.4	224.33
871.99	184	103.34	15.12	184	244.5
872.38	-5.04	-25.21	-98.3	65.53	166.36
872.76	7.56	52.93	15.12	75.62	241.98
873.15	70.58	25.21	47.89	27.73	241.98
873.54	73.1	5.04	63.01	126.03	204.17
873.92	47.89	-98.3	-12.6	65.54	146.19
874.31	22.69	-5.04	120.99	22.69	201.65
874.7	108.38	73.1	15.12	75.62	143.67
875.08	22.69	50.41	-45.37	7.56	211.73
875.47	2.52	70.58	98.3	25.21	146.19
875.85	83.18	-5.04	5.04	80.66	143.67
876.24	35.29	93.26	10.08	105.86	226.85
876.63	32.77	113.43	108.38	83.18	224.33
877.01	12.6	22.69	7.56	63.01	201.65
877.4	143.67	55.45	0	30.25	128.55
877.79	95.78	10.08	-88.22	65.54	80.66
878.17	47.89	27.73	90.74	-7.56	138.63
878.56	115.95	138.63	103.34	113.43	259.62
878.94	118.47	60.49	55.45	65.54	98.3
879.33	-100.82	17.64	17.64	42.85	163.84
879.72	17.64	15.12	10.08	-12.6	100.82
880.1	70.58	-25.21	-57.97	15.12	118.47
880.49	-22.69	32.77	-12.6	60.49	146.19
880.87	108.38	103.34	93.26	226.85	236.93
881.26	-15.12	-83.18	-95.78	-75.62	63.01
881.65	-40.33	-65.54	-105.86	-12.6	95.78
882.03	70.58	5.04	15.12	60.49	211.73
882.42	12.6	-7.56	-68.06	-7.56	70.58
882.8	-30.25	-15.12	-35.29	10.08	60.49
883.19	20.16	-27.73	-105.86	7.56	163.84
883.57	80.66	95.78	73.1	68.06	105.86
883.96	128.55	-63.01	63.01	-5.04	50.41
884.34	50.41	-65.54	-42.85	-45.37	123.51
884.73	120.99	35.29	-5.04	80.66	194.08
885.11	47.89	-95.78	-136.11	10.08	110.91
885.5	25.21	-65.54	-35.29	-10.08	55.45
885.89	10.08	37.81	-110.91	47.89	90.74
886.27	-12.6	5.04	-22.69	52.93	100.82
886.66	100.82	22.69	88.22	35.29	176.44
887.04	-5.04	-7.56	20.16	88.22	138.63
887.43	-55.45	-108.38	-60.49	30.25	-22.69
887.81	131.07	32.77	57.97	113.43	168.88
888.19	68.06	-22.69	63.01	146.19	168.88
888.58	-37.81	52.93	-40.33	42.85	60.49
888.96	88.22	25.21	93.26	80.66	138.63
889.35	108.38	55.45	65.54	131.07	186.52
889.73	75.62	-42.85	-30.25	80.66	42.85
890.12	108.38	17.64	35.29	-37.81	214.25
890.5	-7.56	65.53	22.69	-50.41	57.97
890.89	115.95	100.82	80.66	138.63	209.21
891.27	30.25	30.25	37.81	42.85	163.84
891.66	20.16	12.6	-5.04	50.41	90.74
892.04	128.55	75.62	85.7	73.1	216.77
892.43	-12.6	-98.3	-50.41	-65.54	35.29
892.81	42.85	27.73	-2.52	27.73	115.95
893.19	35.29	37.81	-35.29	-7.56	70.58
893.58	15.12	-20.16	10.08	30.25	47.89
893.96	10.08	-40.33	-75.62	0	-17.64
894.35	93.26	57.97	63.01	136.11	141.15
894.73	42.85	45.37	-55.45	30.25	123.51
895.11	50.41	83.18	7.56	40.33	148.71
895.5	-37.81	2.52	-100.82	-57.97	-52.93
895.88	-105.86	-126.03	-88.22	-32.77	85.7
896.27	-22.69	-88.22	10.08	-55.45	113.43
896.65	-52.93	-63.01	63.01	-73.1	15.12
897.03	118.47	37.81	60.49	70.58	138.63
897.42	100.82	15.12	-52.93	17.64	80.66
897.8	-32.77	-105.86	-73.1	22.69	47.89
898.18	-37.81	-60.49	-55.45	-63.01	108.38
898.57	60.49	2.52	57.97	75.62	131.07
898.95	70.58	73.1	95.78	85.7	158.8
899.34	-5.04	12.6	25.21	146.19	146.19
899.72	189.04	-52.93	7.56	32.77	143.67
900.1	133.59	93.26	90.74	90.74	120.99
900.49	57.97	12.6	25.21	27.73	100.82
900.87	27.73	35.29	-25.21	50.41	83.18
901.25	-47.89	52.93	-63.01	22.69	30.25
901.63	-55.45	7.56	12.6	-37.81	25.21
902.02	93.26	-7.56	-60.49	-12.6	141.15
902.4	-2.52	-52.93	-85.7	2.52	173.92
902.78	35.29	50.41	68.06	35.29	63.01
903.17	-22.69	-88.22	-60.49	-78.14	7.56
903.55	-2.52	-115.95	12.6	-68.06	50.41
903.93	45.37	126.03	47.89	50.41	171.4
904.32	35.29	73.1	42.85	42.85	108.38
904.7	52.93	-83.18	-151.23	-27.73	-15.12
905.08	-65.53	-35.29	-10.08	12.6	25.21
905.46	108.38	17.64	-5.04	17.64	163.84
905.85	-32.77	-27.73	95.78	55.45	151.23
906.23	-50.41	15.12	-12.6	68.06	68.06
906.61	-35.29	-40.33	-20.16	-68.06	-57.97
906.99	-163.84	-37.81	-68.06	-45.37	83.18
907.38	-30.25	2.52	-35.29	-17.64	45.37
907.76	178.96	-25.21	40.33	85.7	123.51
908.14	-32.77	2.52	-50.41	-2.52	-10.08
908.52	-30.25	-27.73	-27.73	7.56	20.16
908.91	-5.04	-60.49	-68.06	-60.49	42.85
909.29	78.14	73.1	42.85	42.85	75.62
909.67	-37.81	-52.93	-68.06	-5.04	35.29
910.05	88.22	108.38	88.22	5.04	47.89
910.43	-83.18	-63.01	-65.54	-2.52	80.66
910.82	-7.56	90.74	15.12	-25.21	98.3
911.2	90.74	-20.16	-10.08	-30.25	95.78
911.58	-12.6	-60.49	-70.58	-88.22	-37.81
911.96	7.56	-2.52	22.69	-30.25	120.99
912.34	12.6	-35.29	-10.08	-37.81	55.45
912.72	73.1	40.33	32.77	-7.56	118.47
913.11	-78.14	-50.41	-32.77	-15.12	-25.21
913.49	-45.37	-63.01	-10.08	0	-88.22
913.87	-42.85	-40.33	57.97	68.06	78.14
914.25	25.21	-83.18	60.49	-15.12	83.18
914.63	37.81	7.56	25.21	70.58	141.15
915.01	85.7	-2.52	50.41	65.54	168.88
915.4	100.82	42.85	90.74	68.06	143.67
915.78	-57.97	-10.08	-57.97	-15.12	35.29
916.16	15.12	12.6	-63.01	22.69	63.01
916.54	25.21	0	-45.37	-22.69	-30.25
916.92	-83.18	-52.93	-45.37	-75.62	12.6
917.3	15.12	-133.59	-50.41	-27.73	42.85
917.68	47.89	-12.6	-40.33	-42.85	80.66
918.06	17.64	-100.82	-161.32	-12.6	60.49
918.44	-5.04	-30.25	-75.62	-40.33	-15.12
918.83	35.29	20.16	17.64	93.26	70.58
919.21	-35.29	-45.37	-50.41	-40.33	27.73
919.59	-73.1	-75.62	-181.48	-156.28	2.52
919.97	17.64	30.25	20.16	45.37	88.22
920.35	50.41	5.04	7.56	-5.04	-30.25
920.73	50.41	-27.73	50.41	-32.77	7.56
921.11	35.29	-5.04	-25.21	-128.55	-35.29
921.49	93.26	-20.16	-45.37	7.56	40.33
921.87	110.91	103.34	-10.08	128.55	131.07
922.25	95.78	45.37	131.07	5.04	108.38
922.63	-120.99	-10.08	-40.33	-17.64	-70.58
923.01	-103.34	-20.16	-75.62	-95.78	-55.45
923.39	17.64	-15.12	-35.29	20.16	75.62
923.77	-5.04	2.52	-55.45	-27.73	-10.08
924.15	45.37	-12.6	-60.49	-22.69	5.04
924.53	30.25	-120.99	17.64	-40.33	-5.04
924.91	-15.12	-60.49	-27.73	-20.16	27.73
925.29	-73.1	-88.22	-37.81	47.89	-12.6
925.67	126.03	40.33	50.41	-25.21	20.16
926.05	93.26	35.29	-40.33	-2.52	22.69
926.43	50.41	-27.73	-35.29	-88.22	-32.77
926.81	27.73	0	15.12	52.93	70.58
927.19	-12.6	57.97	70.58	80.66	85.7
927.57	-15.12	-27.73	-17.64	-27.73	32.77
927.95	-37.81	-22.69	57.97	2.52	37.81
928.33	-35.29	40.33	-45.37	2.52	-75.62
928.71	37.81	-93.26	30.25	70.58	50.41
929.09	27.73	7.56	30.25	-10.08	52.93
929.47	-83.18	-35.29	-110.91	-105.86	12.6
929.85	-17.64	-25.21	-45.37	60.49	25.21
930.23	17.64	15.12	22.69	30.25	-7.56
930.61	60.49	78.14	0	75.62	40.33
930.99	45.37	-10.08	-5.04	-52.93	65.54
931.37	-42.85	-98.3	-93.26	75.62	-70.58
931.75	-60.49	0	42.85	25.21	-10.08
932.13	-45.37	-2.52	-65.53	32.77	35.29
932.51	-60.49	-90.74	5.04	50.41	-45.37
932.89	63.01	30.25	35.29	22.69	70.58
933.27	57.97	25.21	70.58	45.37	-12.6
933.64	70.58	-80.66	-20.16	-10.08	17.64
934.02	78.14	-32.77	-60.49	-20.16	27.73
934.4	103.34	105.86	-98.3	10.08	0
934.78	-65.53	-25.21	-85.7	-20.16	2.52
935.16	100.82	-80.66	-10.08	37.81	25.21
935.54	15.12	63.01	-50.41	-57.97	65.54
935.92	-85.7	-30.25	-73.1	-80.66	-12.6
936.3	0	73.1	-20.16	90.74	88.22
936.67	-50.41	20.16	-30.25	-10.08	108.38
937.05	15.12	32.77	-75.62	-30.25	35.29
937.43	-63.01	-63.01	-171.4	-42.85	-115.95
937.81	-95.78	-57.97	-50.41	-30.25	-57.97
938.19	32.77	-27.73	-90.74	-90.74	-110.91
938.57	131.07	78.14	45.37	25.21	78.14
938.95	-17.64	-40.33	-65.54	-27.73	-30.25
939.32	-22.69	7.56	10.08	22.69	52.93
939.7	-40.33	-45.37	-123.51	-65.53	-83.18
940.08	17.64	45.37	-5.04	32.77	-65.54
940.46	-78.14	-75.62	-40.33	32.77	-20.16
940.84	-5.04	-20.16	12.6	7.56	-15.12
941.21	103.34	42.85	47.89	5.04	17.64
941.59	30.25	-35.29	12.6	22.69	68.06
941.97	30.25	22.69	-27.73	-20.16	25.21
942.35	115.95	136.11	17.64	141.15	45.37
942.73	108.38	-20.16	-45.37	25.21	50.41
943.1	57.97	2.52	-12.6	105.86	-5.04
943.48	-37.81	47.89	78.14	20.16	100.82
943.86	30.25	110.91	-2.52	30.25	98.3
944.24	57.97	50.41	-63.01	7.56	2.52
944.61	-126.03	-60.49	-10.08	-52.93	-17.64
944.99	70.58	27.73	30.25	45.37	37.81
945.37	-57.97	25.21	-60.49	-90.74	-45.37
945.75	-78.14	-7.56	-30.25	-55.45	-105.86
946.12	52.93	7.56	10.08	-85.7	25.21
946.5	2.52	-45.37	7.56	5.04	-98.3
946.88	22.69	60.49	30.25	-10.08	37.81
947.26	108.38	57.97	120.99	80.66	78.14
947.63	40.33	110.91	-27.73	-30.25	42.85
948.01	57.97	10.08	-52.93	17.64	-17.64
948.39	-148.71	-90.74	-98.3	-70.58	-22.69
948.76	-7.56	-45.37	0	40.33	17.64
949.14	7.56	27.73	42.85	-40.33	30.25
949.52	-2.52	22.69	52.93	93.26	95.78
949.9	-68.06	37.81	-138.63	-30.25	0
950.27	45.37	65.54	60.49	25.21	-17.64
950.65	-35.29	32.77	12.6	-70.58	42.85
951.03	12.6	15.12	57.97	25.21	57.97
951.4	70.58	52.93	50.41	15.12	90.74
951.78	-35.29	-15.12	-17.64	-55.45	-10.08
952.16	2.52	7.56	-12.6	-2.52	-22.69
952.53	42.85	32.77	-30.25	65.53	52.93
952.91	35.29	60.49	52.93	75.62	90.74
953.29	-25.21	-52.93	-22.69	15.12	-2.52
953.66	73.1	50.41	75.62	22.69	-45.37
954.04	20.16	-12.6	-52.93	-10.08	7.56
954.41	60.49	40.33	-52.93	5.04	63.01
954.79	-2.52	10.08	25.21	-37.81	-10.08
955.17	50.41	27.73	-15.12	22.69	-52.93
955.54	55.45	15.12	30.25	65.54	73.1
955.92	-15.12	-35.29	-5.04	-7.56	-7.56
956.3	47.89	-22.69	-98.3	-65.54	45.37
956.67	-30.25	15.12	-22.69	7.56	-27.73
957.05	-25.21	-63.01	-73.1	-25.21	2.52
957.42	-57.97	-70.58	-103.34	-65.53	-55.45
957.8	-35.29	-88.22	22.69	-50.41	-27.73
958.17	20.16	-68.06	-12.6	-108.38	-35.29
958.55	-115.95	-90.74	-93.26	-30.25	-90.74
958.93	-22.69	-22.69	-12.6	15.12	0
959.3	-95.78	-22.69	-90.74	55.45	-2.52
959.68	63.01	20.16	70.58	63.01	17.64
960.05	55.45	22.69	-105.86	-27.73	-2.52
960.43	45.37	70.58	60.49	83.18	108.38
960.8	-57.97	-98.3	-113.43	-5.04	-126.03
961.18	-5.04	-25.21	65.54	40.33	52.93
961.55	5.04	-10.08	25.21	-12.6	22.69
961.93	-78.14	80.66	-32.77	103.34	-37.81
962.31	60.49	5.04	-27.73	-35.29	-7.56
962.68	5.04	7.56	-55.45	-32.77	103.34
963.06	-60.49	30.25	-30.25	12.6	-17.64
963.43	-5.04	-90.74	-20.16	-90.74	-95.78
963.81	-90.74	-73.1	-32.77	-85.7	27.73
964.18	-45.37	-42.85	15.12	17.64	-57.97
964.56	45.37	30.25	30.25	-2.52	-27.73
964.93	-12.6	-15.12	-37.81	-10.08	52.93
965.31	-10.08	-17.64	-90.74	-50.41	-27.73
965.68	30.25	-32.77	-2.52	-27.73	-42.85
966.05	-25.21	65.54	30.25	-40.33	-20.16
966.43	-70.58	85.7	-40.33	-20.16	-120.99
966.8	-52.93	-42.85	-70.58	-40.33	-52.93
967.18	40.33	5.04	-10.08	27.73	7.56
967.55	30.25	-45.37	-35.29	12.6	7.56
967.93	12.6	15.12	80.66	-52.93	55.45
968.3	95.78	153.76	105.86	105.86	55.45
968.68	50.41	50.41	-30.25	42.85	20.16
969.05	-50.41	40.33	-35.29	-2.52	-25.21
969.43	-25.21	-55.45	-27.73	-35.29	12.6
969.8	-40.33	-37.81	-35.29	-42.85	-20.16
970.17	52.93	-7.56	42.85	-10.08	-25.21
970.55	-50.41	-32.77	-78.14	-22.69	-153.76
970.92	-25.21	-17.64	-17.64	37.81	-20.16
971.3	22.69	-12.6	-37.81	-70.58	7.56
971.67	-17.64	-52.93	-22.69	-30.25	-15.12
972.04	-15.12	-35.29	-57.97	-7.56	-35.29
972.42	-5.04	-123.51	-15.12	-141.15	27.73
972.79	110.91	95.78	40.33	25.21	0
973.17	15.12	-5.04	-12.6	30.25	-50.41
973.54	0	-2.52	10.08	-37.81	7.56
973.91	-10.08	-12.6	10.08	-45.37	-20.16
974.29	100.82	20.16	-95.78	15.12	2.52
974.66	-20.16	-45.37	-70.58	-47.89	-12.6
975.03	35.29	55.45	115.95	20.16	20.16
975.41	22.69	68.06	42.85	90.74	35.29
975.78	105.86	45.37	32.77	-17.64	45.37
976.15	5.04	-22.69	0	-73.1	-12.6
976.53	30.25	52.93	68.06	-27.73	25.21
976.9	-17.64	-22.69	-5.04	-115.95	-60.49
977.27	10.08	-113.43	-57.97	-22.69	-75.62
977.65	12.6	32.77	118.47	35.29	110.91
978.02	-60.49	-20.16	0	12.6	-22.69
978.39	45.37	-5.04	-45.37	30.25	50.41
978.77	12.6	0	-35.29	-40.33	-12.6
979.14	143.67	-30.25	37.81	52.93	65.54
979.51	-55.45	-70.58	-22.69	-55.45	-7.56
979.89	30.25	35.29	32.77	70.58	5.04
980.26	-5.04	-10.08	-78.14	-88.22	22.69
980.63	-95.78	-68.06	-22.69	-88.22	-47.89
981	83.18	0	27.73	50.41	115.95
981.38	55.45	25.21	70.58	57.97	65.54
981.75	35.29	37.81	55.45	93.26	30.25
982.12	-2.52	-2.52	0	27.73	65.53
982.5	35.29	45.37	47.89	47.89	15.12
982.87	-17.64	103.34	17.64	75.62	-12.6
983.24	42.85	90.74	25.21	27.73	100.82
983.61	12.6	30.25	60.49	30.25	-25.21
983.98	-5.04	-60.49	-55.45	-108.38	-5.04
984.36	-60.49	-65.54	-25.21	-136.11	-65.54
984.73	17.64	133.59	75.62	63.01	-32.77
985.1	98.3	85.7	-25.21	-20.16	55.45
985.47	-68.06	-42.85	-80.66	-12.6	-32.77
985.85	-65.53	-68.06	-113.43	-78.14	-108.38
986.22	0	-7.56	17.64	50.41	5.04
986.59	-7.56	-68.06	-45.37	-22.69	-100.82
986.96	-20.16	-17.64	-85.7	-12.6	-80.66
987.33	-10.08	-32.77	-55.45	-12.6	-55.45
987.71	-88.22	12.6	-52.93	55.45	0
988.08	52.93	108.38	118.47	90.74	88.22
988.45	60.49	118.47	168.88	95.78	70.58
988.82	-20.16	-70.58	-108.38	-93.26	-2.52
989.19	20.16	-45.37	-45.37	-40.33	-27.73
989.56	108.38	143.67	126.03	70.58	68.06
989.94	-45.37	7.56	-83.18	22.69	-20.16
990.31	-55.45	37.81	7.56	5.04	63.01
990.68	10.08	-103.34	-37.81	-108.38	-75.62
991.05	-22.69	12.6	-15.12	-57.97	32.77
991.42	-22.69	-27.73	-105.86	-35.29	83.18
991.79	-40.33	-52.93	-90.74	-55.45	-70.58
992.16	-10.08	-68.06	35.29	-108.38	30.25
992.54	-7.56	-42.85	45.37	32.77	-70.58
992.91	-30.25	-50.41	47.89	25.21	-20.16
993.28	2.52	30.25	25.21	40.33	22.69
993.65	22.69	52.93	63.01	42.85	45.37
994.02	-47.89	-40.33	-27.73	-20.16	-98.3
994.39	5.04	-47.89	-35.29	-45.37	-123.51
994.76	-7.56	17.64	-50.41	0	-10.08
995.13	-40.33	-151.23	-108.38	-63.01	-30.25
995.5	2.52	27.73	-25.21	2.52	7.56
995.87	5.04	-10.08	-40.33	-73.1	12.6
996.24	-37.81	22.69	-10.08	50.41	40.33
996.62	7.56	50.41	2.52	30.25	32.77
996.99	22.69	52.93	42.85	30.25	63.01
997.36	-12.6	-52.93	7.56	7.56	118.47
997.73	52.93	-30.25	0	37.81	70.58
998.1	100.82	25.21	-10.08	68.06	-40.33
998.47	5.04	-5.04	-30.25	12.6	83.18
998.84	-32.77	0	-50.41	-25.21	7.56
999.21	60.49	-30.25	-37.81	-60.49	-75.62
999.58	2.52	5.04	-83.18	-45.37	10.08
999.95	-2.52	-47.89	-50.41	-27.73	-42.85
1000.32	40.33	35.29	25.21	5.04	-45.37
1000.69	32.77	90.74	-25.21	-22.69	98.3
1001.06	-50.41	-65.53	-17.64	-73.1	-5.04
1001.43	40.33	30.25	32.77	-40.33	45.37
1001.8	-27.73	-32.77	-103.34	-90.74	-50.41
1002.17	0	-20.16	27.73	-118.47	-42.85
1002.54	-35.29	-17.64	-5.04	22.69	12.6
1002.91	-30.25	-30.25	-47.89	-78.14	-52.93
1003.28	2.52	5.04	73.1	-52.93	83.18
1003.65	80.66	45.37	20.16	80.66	47.89
1004.02	-27.73	22.69	-25.21	-68.06	-32.77
1004.39	-50.41	-42.85	-80.66	5.04	-75.62
1004.76	78.14	47.89	27.73	55.45	37.81
1005.13	30.25	12.6	-15.12	25.21	7.56
1005.5	-37.81	17.64	12.6	30.25	-10.08
1005.87	103.34	20.16	100.82	60.49	90.74
1006.24	-22.69	-5.04	52.93	40.33	-37.81
1006.6	52.93	100.82	12.6	55.45	63.01
1006.97	-85.7	78.14	-30.25	-65.53	35.29
1007.34	108.38	100.82	7.56	90.74	5.04
1007.71	-73.1	-68.06	-128.55	-35.29	-37.81
1008.08	95.78	-12.6	88.22	0	85.7
1008.45	-63.01	-103.34	-63.01	-47.89	-118.47
1008.82	10.08	-45.37	-50.41	-5.04	-40.33
1009.19	-35.29	-35.29	-2.52	25.21	30.25
1009.56	25.21	-22.69	-2.52	-37.81	30.25
1009.93	128.55	65.54	25.21	-5.04	75.62
1010.29	47.89	-80.66	-63.01	27.73	78.14
1010.66	32.77	-32.77	47.89	5.04	40.33
1011.03	32.77	20.16	10.08	-60.49	-10.08
1011.4	10.08	-60.49	-2.52	10.08	35.29
1011.77	-52.93	15.12	10.08	88.22	65.53
1012.14	25.21	83.18	32.77	57.97	80.66
1012.51	-98.3	-70.58	-12.6	-42.85	-60.49
1012.88	-37.81	-80.66	10.08	10.08	47.89
1013.24	-55.45	-50.41	-17.64	-75.62	-25.21
1013.61	15.12	95.78	-73.1	68.06	35.29
1013.98	10.08	45.37	-37.81	22.69	-20.16
1014.35	63.01	-7.56	50.41	50.41	25.21
1014.72	-17.64	73.1	-68.06	22.69	2.52
1015.08	-15.12	50.41	-15.12	-12.6	20.16
1015.45	68.06	40.33	25.21	-10.08	50.41
1015.82	-32.77	-25.21	27.73	-40.33	25.21
1016.19	-73.1	-10.08	40.33	-57.97	12.6
1016.56	-2.52	0	-2.52	-55.45	-10.08
1016.92	98.3	7.56	-85.7	-57.97	-42.85
1017.29	70.58	120.99	17.64	17.64	42.85
1017.66	-65.53	-15.12	-95.78	-10.08	-60.49
1018.03	12.6	2.52	83.18	-5.04	-57.97
1018.4	-25.21	-52.93	-63.01	-15.12	-35.29
1018.76	-30.25	12.6	10.08	-52.93	-85.7
1019.13	37.81	-103.34	-75.62	-55.45	-17.64
1019.5	20.16	-88.22	-20.16	-143.67	-60.49
1019.87	-65.54	-32.77	-63.01	25.21	-17.64
1020.23	0	25.21	20.16	52.93	5.04
1020.6	-88.22	-35.29	5.04	5.04	-50.41
1020.97	0	-7.56	-42.85	25.21	-5.04
1021.34	-52.93	-30.25	15.12	-37.81	2.52
1021.7	-70.58	-88.22	-141.15	-75.62	-65.53
1022.07	-80.66	-60.49	-100.82	-80.66	0
1022.44	-45.37	22.69	-2.52	-70.58	-5.04
1022.8	78.14	73.1	42.85	100.82	-17.64
1023.17	20.16	-35.29	65.53	85.7	37.81
1023.54	-12.6	-32.77	-37.81	-73.1	-83.18
1023.91	20.16	-95.78	-22.69	-42.85	-118.47
1024.27	103.34	-35.29	-25.21	15.12	42.85
1024.64	-2.52	2.52	-32.77	47.89	20.16
1025.01	-37.81	-5.04	-5.04	27.73	12.6
1025.37	57.97	-45.37	-63.01	-5.04	-75.62
1025.74	0	12.6	-27.73	-50.41	37.81
1026.11	-42.85	7.56	15.12	-201.65	-95.78
1026.47	-65.53	0	-45.37	-20.16	-25.21
1026.84	7.56	50.41	5.04	12.6	80.66
1027.21	-10.08	7.56	-85.7	-12.6	37.81
1027.57	-55.45	-25.21	-98.3	-90.74	-45.37
1027.94	-83.18	17.64	-22.69	-47.89	-75.62
1028.3	-27.73	22.69	-63.01	-60.49	22.69
1028.67	32.77	12.6	63.01	5.04	12.6
1029.04	-20.16	-60.49	-73.1	12.6	-63.01
1029.4	-5.04	-57.97	17.64	2.52	37.81
1029.77	0	-15.12	-37.81	-85.7	-47.89
1030.14	-15.12	27.73	-65.53	17.64	2.52
1030.5	88.22	98.3	17.64	70.58	78.14
1030.87	10.08	-2.52	55.45	98.3	15.12
1031.23	-40.33	25.21	-103.34	-35.29	12.6
1031.6	90.74	100.82	85.7	12.6	32.77
1031.97	-88.22	-60.49	-57.97	-93.26	-100.82
1032.33	10.08	32.77	-52.93	-50.41	-10.08
1032.7	-63.01	-5.04	-60.49	-98.3	-37.81
1033.06	-22.69	5.04	-68.06	-68.06	-27.73
1033.43	30.25	-15.12	5.04	98.3	37.81
1033.79	-100.82	-50.41	-57.97	-65.54	-27.73
1034.16	-27.73	-5.04	-32.77	-55.45	-15.12
1034.52	-55.45	-60.49	-65.54	-90.74	2.52
1034.89	-32.77	7.56	-65.53	-57.97	-25.21
1035.26	-52.93	-60.49	-90.74	-63.01	-50.41
1035.62	57.97	10.08	-40.33	70.58	75.62
