 499.80000000000001 1179.9999999999993 2766.6666666666652 3799.9999999999977 4666.6666666666642 7999.9999999999955
 500.23000000000002 1146.6666666666661 2822.2222222222204 3799.9999999999977 5444.4444444444416 9666.6666666666606
 500.66000000000003 979.99999999999943 2799.9999999999977 3779.9999999999977 5333.3333333333303 9199.9999999999945
 501.08999999999997 965.7142857142851 2785.7142857142835 3742.8571428571404 5190.4761904761881 9142.8571428571358
 501.51999999999998 946.66666666666606 2774.0740740740721 3711.1111111111086 5074.0740740740712 8999.9999999999945
 501.94999999999999 957.77777777777715 2781.4814814814799 3699.9999999999977 5185.1851851851825 9333.3333333333267
 502.37 957.77777777777715 2788.8888888888873 3711.1111111111086 5185.1851851851825 9111.111111111104
 502.80000000000001 1002.2222222222216 2781.4814814814799 3655.5555555555529 5037.0370370370338 8444.4444444444398
 503.23000000000002 1024.4444444444439 2799.9999999999986 3633.3333333333303 4999.9999999999973 8555.5555555555493
 503.66000000000003 1057.7777777777771 2803.7037037037026 3644.4444444444421 4962.9629629629599 8555.5555555555529
 504.08999999999997 1057.7777777777771 2833.3333333333321 3644.4444444444421 5148.148148148146 8888.8888888888832
 504.51999999999998 1091.1111111111104 2825.9259259259247 3611.1111111111086 4962.9629629629608 8444.4444444444416
 504.94999999999999 1102.2222222222217 2829.6296296296282 3599.9999999999973 4925.9259259259234 8111.1111111111059
 505.38 1146.6666666666661 2851.8518518518499 3588.8888888888864 4962.9629629629599 8333.3333333333285
 505.81 1168.888888888888 2862.9629629629617 3588.888888888886 4888.8888888888869 8333.3333333333285
 506.24000000000001 1179.9999999999991 2855.5555555555538 3599.9999999999977 4851.8518518518495 8333.3333333333285
 506.67000000000002 1202.2222222222215 2855.5555555555538 3599.9999999999977 4888.8888888888869 8555.5555555555511
 507.08999999999997 1268.888888888888 2844.4444444444434 3633.3333333333303 4962.9629629629599 8333.3333333333303
 507.51999999999998 1291.1111111111104 2851.8518518518504 3666.6666666666642 5148.1481481481451 8888.8888888888832
 507.94999999999999 1313.3333333333326 2840.7407407407391 3677.7777777777756 5111.1111111111077 8666.6666666666606
 508.38 1324.4444444444439 2840.7407407407391 3688.8888888888864 5259.2592592592573 8666.6666666666624
 508.81 1379.9999999999991 2851.8518518518499 3666.6666666666642 5259.2592592592564 8777.7777777777737
 509.24000000000001 1391.1111111111104 2848.148148148146 3711.1111111111095 5370.3703703703677 8555.5555555555511
 509.67000000000002 1413.3333333333326 2840.7407407407391 3699.9999999999977 5296.2962962962938 8111.1111111111059
 510.10000000000002 1391.1111111111104 2851.8518518518504 3655.5555555555538 5296.2962962962929 8444.4444444444398
 510.51999999999998 1402.2222222222215 2866.6666666666652 3688.8888888888864 5333.3333333333294 8555.5555555555511
 510.94999999999999 1424.4444444444437 2862.9629629629617 3666.6666666666642 5259.2592592592564 8333.3333333333285
 511.38 1413.3333333333326 2855.5555555555538 3566.6666666666642 5074.0740740740712 7777.7777777777728
 511.81 1435.5555555555547 2866.6666666666656 3544.444444444443 4925.9259259259234 7222.222222222219
 512.24000000000001 1413.3333333333328 2874.0740740740725 3533.3333333333317 4814.814814814813 6999.9999999999964
 512.66999999999996 1379.9999999999993 2874.0740740740721 3522.2222222222208 4703.7037037037007 6777.7777777777746
 513.09000000000003 1424.4444444444437 2874.0740740740721 3522.2222222222208 4629.6296296296277 6888.8888888888869
 513.51999999999998 1413.3333333333326 2862.9629629629612 3499.9999999999982 4629.6296296296259 6555.5555555555529
 513.95000000000005 1435.5555555555547 2862.9629629629617 3488.8888888888864 4518.5185185185146 5888.888888888885
 514.38 1513.3333333333323 2862.9629629629617 3455.5555555555538 4592.5925925925885 5777.7777777777746
 514.80999999999995 1524.4444444444437 2877.777777777776 3455.5555555555534 4555.5555555555529 5888.888888888886
 515.24000000000001 1568.8888888888878 2892.5925925925908 3544.444444444443 4592.5925925925903 6222.2222222222181
 515.65999999999997 1668.8888888888878 2911.1111111111095 3566.6666666666647 4629.6296296296268 6777.7777777777728
 516.09000000000003 1802.2222222222208 2937.0370370370356 3633.3333333333308 4777.7777777777746 7222.2222222222172
 516.51999999999998 1879.9999999999989 2940.7407407407391 3655.5555555555529 4888.8888888888869 7111.1111111111068
 516.95000000000005 1902.222222222221 2948.1481481481469 3611.1111111111086 4814.8148148148121 6666.6666666666624
 517.38 1935.5555555555543 2985.1851851851834 3655.5555555555538 4962.9629629629599 7111.1111111111068
 517.79999999999995 2013.3333333333317 2992.5925925925903 3655.5555555555529 4999.9999999999964 7444.4444444444398
 518.23000000000002 1968.8888888888873 3018.5185185185164 3677.7777777777756 4888.8888888888869 7444.4444444444416
 518.65999999999997 2013.3333333333317 3022.2222222222208 3622.2222222222199 4814.814814814813 6999.9999999999964
 519.09000000000003 2057.777777777776 3037.0370370370347 3588.888888888886 4703.7037037037016 6666.6666666666615
 519.50999999999999 2124.4444444444434 3033.3333333333312 3577.7777777777756 4629.6296296296277 6444.4444444444416
 519.94000000000005 2157.7777777777765 3048.148148148146 3588.8888888888864 4851.8518518518486 6999.9999999999964
 520.37 2157.7777777777765 3088.8888888888873 3644.444444444443 4962.9629629629599 7555.5555555555511
 520.79999999999995 2202.2222222222208 3111.111111111109 3655.5555555555529 4999.9999999999964 7999.9999999999964
 521.22000000000003 2268.8888888888878 3125.9259259259238 3666.6666666666642 4925.9259259259234 8111.1111111111059
 521.64999999999998 2291.1111111111099 3155.5555555555538 3722.2222222222199 4888.888888888886 7888.8888888888841
 522.08000000000004 2291.1111111111099 3170.3703703703682 3733.3333333333308 4888.8888888888869 7888.8888888888841
 522.50999999999999 2379.9999999999986 3181.4814814814795 3688.8888888888864 4777.7777777777756 7777.7777777777728
 522.92999999999995 2446.6666666666656 3207.4074074074056 3666.6666666666642 4851.8518518518495 7555.5555555555511
 523.36000000000001 2424.4444444444434 3218.5185185185164 3666.6666666666652 4962.9629629629599 7222.222222222219
 523.78999999999996 2324.4444444444434 3237.0370370370347 3666.6666666666642 4777.7777777777756 6777.7777777777746
 524.21000000000004 2357.7777777777765 3259.2592592592573 3655.5555555555538 4814.8148148148111 6777.7777777777737
 524.63999999999999 2435.5555555555538 3296.2962962962938 3744.4444444444421 4962.9629629629599 6999.9999999999955
 525.07000000000005 2435.5555555555538 3322.2222222222199 3744.4444444444421 4925.9259259259234 6888.8888888888841
 525.49000000000001 2457.7777777777765 3348.1481481481455 3777.7777777777756 5185.1851851851825 6888.8888888888841
 525.91999999999996 2557.777777777776 3366.6666666666642 3777.7777777777756 5111.1111111111086 6888.8888888888841
 526.35000000000002 2579.9999999999982 3414.8148148148121 3866.6666666666642 5222.222222222219 7111.1111111111068
 526.77999999999997 2624.444444444443 3433.3333333333308 3911.1111111111086 5259.2592592592564 7333.3333333333285
 527.20000000000005 2657.777777777776 3488.8888888888864 4022.2222222222199 5370.3703703703686 8222.222222222219
 527.63 2768.8888888888873 3529.6296296296273 4077.7777777777756 5481.4814814814781 8555.5555555555511
 528.05999999999995 2846.6666666666652 3533.3333333333312 4077.7777777777756 5370.3703703703677 7999.9999999999955
 528.48000000000002 2857.777777777776 3544.4444444444425 4033.3333333333308 5222.222222222219 7555.555555555552
 528.90999999999997 2902.2222222222208 3585.1851851851834 4099.9999999999973 5518.5185185185155 8111.1111111111059
 529.34000000000003 3013.3333333333312 3611.111111111109 4066.6666666666642 5333.3333333333303 8333.3333333333285
 529.75999999999999 3035.5555555555529 3651.8518518518499 4111.1111111111086 5555.555555555552 8222.2222222222172
 530.19000000000005 3124.4444444444425 3692.5925925925912 4199.9999999999973 5851.8518518518486 8999.9999999999927
 530.61000000000001 3179.9999999999977 3751.8518518518499 4266.6666666666642 5962.9629629629599 8999.9999999999964
 531.03999999999996 3246.6666666666642 3785.1851851851825 4211.1111111111086 5777.7777777777746 8666.6666666666624
 531.47000000000003 3379.9999999999977 3818.5185185185164 4222.2222222222199 5814.8148148148111 8555.5555555555529
 531.88999999999999 3446.6666666666642 3877.777777777776 4333.3333333333321 5962.962962962959 9222.2222222222154
 532.32000000000005 3513.3333333333303 3929.6296296296268 4399.9999999999973 6074.0740740740703 9666.6666666666606
 532.75 3624.4444444444416 3966.6666666666652 4433.3333333333312 5999.9999999999964 9555.5555555555493
 533.16999999999996 3713.3333333333308 4018.5185185185164 4499.9999999999973 6148.1481481481451 9777.7777777777719
 533.60000000000002 3768.8888888888864 4044.4444444444421 4533.3333333333312 6037.0370370370329 9444.4444444444398
 534.01999999999998 3791.1111111111086 4085.1851851851825 4599.9999999999964 5999.9999999999964 9222.2222222222172
 534.45000000000005 3857.7777777777756 4133.3333333333312 4633.3333333333303 6111.1111111111077 9777.7777777777719
 534.88 3979.9999999999977 4211.1111111111086 4755.555555555552 6555.5555555555511 10444.444444444436
 535.29999999999995 4024.4444444444412 4251.8518518518504 4788.888888888886 6444.4444444444416 10333.333333333327
 535.73000000000002 4057.7777777777756 4296.2962962962947 4777.7777777777756 6370.3703703703677 10222.222222222217
 536.14999999999998 4135.5555555555529 4366.6666666666642 4866.6666666666633 6518.5185185185146 10222.222222222217
 536.58000000000004 4224.4444444444416 4411.1111111111086 4877.7777777777746 6481.4814814814781 9999.9999999999945
 537.00999999999999 4246.6666666666642 4470.3703703703686 4966.6666666666633 6481.4814814814781 10333.333333333327
 537.42999999999995 4391.1111111111086 4533.3333333333312 5044.4444444444416 6555.555555555552 10777.777777777772
 537.86000000000001 4479.9999999999973 4607.4074074074051 5077.7777777777746 6740.7407407407372 11111.111111111102
 538.27999999999997 4579.9999999999973 4674.0740740740712 5177.7777777777746 6777.7777777777737 11333.333333333327
 538.71000000000004 4679.9999999999973 4692.5925925925894 5177.7777777777746 6481.4814814814781 10777.777777777772
 539.13 4779.9999999999973 4766.6666666666633 5288.888888888886 6703.7037037036989 11222.222222222215
 539.55999999999995 4868.8888888888869 4822.222222222219 5366.6666666666633 6814.8148148148102 11111.111111111108
 539.98000000000002 4979.9999999999973 4877.7777777777746 5422.222222222219 6962.9629629629599 11444.444444444436
 540.40999999999997 5024.4444444444416 4944.4444444444416 5499.9999999999964 7037.0370370370329 11222.222222222215
 540.84000000000003 5168.888888888886 4999.9999999999964 5555.555555555552 7148.1481481481442 10888.888888888883
 541.25999999999999 5268.888888888886 5070.3703703703677 5588.888888888886 7259.2592592592555 10999.999999999995
 541.69000000000005 5324.4444444444416 5129.6296296296268 5655.555555555552 7185.1851851851807 11111.111111111104
 542.11000000000001 5402.222222222219 5170.3703703703677 5633.3333333333303 7037.0370370370329 10333.333333333327
 542.53999999999996 5479.9999999999964 5262.9629629629599 5722.222222222219 7333.3333333333303 10666.666666666659
 542.96000000000004 5568.888888888886 5322.2222222222199 5733.3333333333303 7407.4074074074033 10333.333333333327
 543.38999999999999 5724.4444444444416 5399.9999999999964 5777.7777777777746 7481.4814814814763 10666.666666666661
 543.80999999999995 5791.1111111111077 5481.4814814814781 5833.3333333333303 7555.5555555555511 10666.666666666659
 544.24000000000001 5913.3333333333303 5574.0740740740712 5944.4444444444416 7814.8148148148093 11444.444444444436
 544.65999999999997 5979.9999999999964 5648.148148148146 5999.9999999999964 7962.962962962959 11555.555555555547
 545.09000000000003 6091.1111111111077 5722.222222222219 6133.3333333333303 8111.1111111111059 12111.111111111104
 545.50999999999999 6279.9999999999964 5811.1111111111077 6211.1111111111077 8444.4444444444398 12444.444444444438
 545.94000000000005 6335.5555555555511 5885.1851851851816 6311.1111111111077 8555.5555555555511 12888.888888888883
 546.36000000000001 6368.888888888886 5955.555555555552 6344.4444444444416 8555.5555555555511 12777.777777777772
 546.77999999999997 6424.4444444444416 6051.8518518518486 6388.888888888886 8518.5185185185146 12999.999999999993
 547.21000000000004 6546.6666666666624 6159.2592592592546 6488.888888888886 8592.5925925925894 12999.999999999993
 547.63 6702.2222222222172 6222.222222222219 6544.4444444444416 8629.6296296296259 12777.777777777772
 548.05999999999995 6846.6666666666624 6288.888888888886 6566.6666666666633 8555.5555555555493 12333.333333333327
 548.48000000000002 6957.7777777777728 6381.4814814814781 6622.222222222219 8481.4814814814781 12222.222222222215
 548.90999999999997 7091.1111111111059 6470.3703703703668 6633.3333333333303 8555.5555555555511 11999.999999999993
 549.33000000000004 7202.2222222222163 6518.5185185185146 6633.3333333333303 8296.296296296292 10999.999999999993
 549.75999999999999 7357.7777777777728 6607.4074074074042 6722.2222222222199 8370.370370370365 11111.111111111104
 550.17999999999995 7568.8888888888841 6692.5925925925894 6844.4444444444416 8555.5555555555511 11444.444444444436
 550.60000000000002 7724.4444444444398 6785.1851851851816 6933.3333333333294 8629.6296296296259 11333.333333333323
 551.02999999999997 7846.6666666666615 6870.3703703703659 7022.2222222222172 8851.8518518518467 11555.555555555549
 551.45000000000005 7979.9999999999955 6962.962962962958 7022.2222222222172 8666.6666666666606 11555.555555555549
 551.88 8113.3333333333285 7059.2592592592546 7111.1111111111059 8851.8518518518467 11777.77777777777
 552.29999999999995 8257.7777777777737 7148.1481481481433 7233.3333333333285 9074.0740740740675 12444.444444444434
 552.73000000000002 8346.6666666666624 7244.4444444444398 7355.5555555555511 9074.0740740740694 12666.666666666657
 553.14999999999998 8468.8888888888832 7370.3703703703668 7511.1111111111059 9370.370370370365 13333.333333333327
 553.57000000000005 8613.3333333333285 7477.7777777777728 7588.8888888888841 9629.6296296296259 13666.666666666659
 554 8657.7777777777737 7577.7777777777728 7666.6666666666615 9592.5925925925876 13555.555555555546
 554.41999999999996 8824.4444444444398 7651.8518518518476 7744.4444444444398 9629.6296296296241 13444.444444444438
 554.85000000000002 8935.5555555555511 7718.5185185185146 7777.7777777777728 9518.5185185185146 12999.999999999993
 555.26999999999998 9013.3333333333285 7811.1111111111077 7911.1111111111059 9777.7777777777737 13444.444444444436
 555.69000000000005 9102.2222222222172 7911.1111111111059 7988.8888888888841 9592.5925925925876 13111.111111111106
 556.12 9224.4444444444398 7981.4814814814763 7988.8888888888841 9592.5925925925876 12333.333333333328
 556.53999999999996 9391.1111111111059 8085.1851851851807 8044.4444444444398 9629.6296296296241 12111.111111111104
 556.96000000000004 9524.4444444444398 8203.7037037036989 8188.8888888888841 9777.7777777777719 12555.555555555547
 557.38999999999999 9668.8888888888832 8314.8148148148102 8299.9999999999964 9925.9259259259215 12777.777777777768
 557.80999999999995 9879.9999999999945 8425.9259259259197 8399.9999999999945 10074.074074074068 13111.111111111104
 558.23000000000002 9991.1111111111059 8525.9259259259197 8488.8888888888832 10222.222222222215 13222.222222222215
 558.65999999999997 10102.222222222217 8637.0370370370329 8588.8888888888832 10407.407407407401 13444.444444444438
 559.08000000000004 10268.888888888883 8744.4444444444416 8722.2222222222172 10481.481481481474 13444.444444444436
 559.5 10413.333333333328 8837.0370370370329 8799.9999999999945 10814.814814814808 13444.44444444444
 559.92999999999995 10591.111111111104 8940.7407407407372 8933.3333333333285 10814.814814814808 13777.777777777768
 560.35000000000002 10691.111111111104 9025.9259259259215 9011.1111111111059 10925.92592592592 13999.999999999993
 560.76999999999998 10824.444444444438 9125.9259259259197 9022.2222222222172 10962.962962962956 13999.999999999993
 561.20000000000005 10946.666666666661 9211.111111111104 9077.7777777777737 10925.92592592592 13777.777777777772
 561.62 11046.666666666661 9288.8888888888832 9122.2222222222172 10888.888888888883 13333.333333333323
 562.03999999999996 11257.777777777774 9403.7037037036989 9211.1111111111059 10999.999999999993 13888.88888888888
 562.47000000000003 11479.999999999996 9514.8148148148102 9333.3333333333285 11037.037037037031 14222.222222222212
 562.88999999999999 11646.666666666661 9640.7407407407372 9444.444444444438 11296.296296296292 14666.666666666657
 563.30999999999995 11813.333333333327 9740.7407407407354 9522.2222222222154 11333.333333333327 15111.111111111102
 563.73000000000002 11957.777777777772 9877.7777777777737 9622.2222222222172 11555.555555555549 15666.666666666657
 564.15999999999997 12113.333333333327 10014.81481481481 9711.1111111111059 11666.666666666662 15666.666666666657
 564.58000000000004 12257.777777777772 10114.814814814808 9844.444444444438 11740.740740740734 15555.555555555546
 565 12468.888888888883 10251.851851851847 10011.111111111104 12037.037037037029 15999.999999999993
 565.42999999999995 12668.888888888883 10403.703703703699 10166.666666666661 12296.296296296288 16666.666666666657
 565.85000000000002 12802.222222222215 10522.222222222215 10266.666666666661 12296.296296296288 16222.222222222212
 566.26999999999998 13002.222222222214 10655.555555555551 10344.444444444438 12407.4074074074 16111.111111111102
 566.69000000000005 13191.111111111102 10777.777777777774 10444.444444444438 12444.444444444436 15999.999999999991
 567.12 13368.88888888888 10944.444444444438 10599.999999999993 12555.555555555549 16222.222222222212
 567.53999999999996 13568.88888888888 11088.888888888881 10766.666666666661 12703.703703703697 16222.222222222212
 567.96000000000004 13779.999999999989 11233.333333333327 10922.222222222215 12888.88888888888 16333.333333333323
 568.38 13991.1111111111 11374.074074074068 11011.111111111106 13037.037037037029 16333.333333333323
 568.80999999999995 14146.666666666655 11503.703703703699 11077.777777777774 12962.962962962956 15888.88888888888
 569.23000000000002 14324.444444444433 11633.333333333327 11166.666666666662 12999.999999999993 15666.666666666657
 569.64999999999998 14502.222222222212 11792.592592592588 11322.222222222215 13370.370370370361 16444.444444444434
 570.07000000000005 14646.666666666657 11944.444444444438 11499.999999999993 13666.666666666657 16999.999999999993
 570.49000000000001 14857.777777777768 12107.4074074074 11633.333333333327 13814.814814814807 16999.999999999989
 570.91999999999996 15102.222222222212 12237.037037037029 11766.666666666664 13925.925925925918 16999.999999999989
 571.34000000000003 15291.111111111102 12385.185185185177 11888.888888888885 14111.1111111111 17444.444444444434
 571.75999999999999 15491.111111111102 12544.444444444436 12044.444444444442 14370.370370370361 17888.88888888888
 572.17999999999995 15679.999999999991 12699.999999999993 12166.666666666664 14481.481481481474 17999.999999999989
 572.60000000000002 15913.333333333323 12866.666666666661 12322.222222222215 14703.703703703695 18333.333333333325
 573.02999999999997 16168.88888888888 13033.333333333325 12499.999999999993 14999.999999999991 18555.555555555547
 573.45000000000005 16424.444444444434 13203.703703703695 12644.444444444438 15037.037037037029 18333.333333333325
 573.87 16691.111111111102 13377.77777777777 12799.999999999993 15185.185185185177 18444.444444444434
 574.28999999999996 16902.222222222212 13544.444444444436 12955.555555555549 15333.333333333323 18666.666666666657
 574.71000000000004 17113.333333333325 13737.037037037029 13111.111111111104 15592.592592592584 19222.222222222212
 575.13 17335.555555555547 13911.111111111102 13233.333333333327 15666.666666666657 19111.111111111102
 575.55999999999995 17579.999999999989 14074.074074074066 13377.777777777772 15777.777777777768 19111.111111111102
 575.98000000000002 17824.444444444434 14251.851851851845 13555.555555555551 15925.925925925918 19444.444444444434
 576.39999999999998 18035.555555555547 14440.740740740734 13744.444444444438 16185.185185185177 19777.777777777766
 576.82000000000005 18268.88888888888 14640.740740740734 13911.111111111102 16333.333333333323 20111.111111111099
 577.24000000000001 18546.666666666657 14837.037037037029 14099.999999999991 16592.59259259258 20555.555555555544
 577.65999999999997 18835.555555555544 15037.037037037026 14255.555555555544 16777.777777777766 20777.777777777766
 578.08000000000004 19102.222222222208 15237.037037037029 14388.888888888878 16925.925925925912 20777.777777777766
 578.50999999999999 19368.888888888876 15425.925925925918 14522.222222222212 16999.999999999989 20777.777777777766
 578.92999999999995 19624.444444444431 15633.333333333323 14699.999999999991 17222.222222222212 20999.999999999989
 579.35000000000002 19857.777777777766 15833.333333333323 14866.666666666657 17444.444444444431 21333.333333333321
 579.76999999999998 20124.444444444431 16033.333333333323 15011.111111111102 17666.666666666657 21444.444444444431
 580.19000000000005 20402.222222222208 16240.74074074073 15177.777777777768 17851.851851851839 21666.666666666653
 580.61000000000001 20635.555555555544 16448.148148148139 15377.777777777768 18148.148148148139 21888.888888888876
 581.02999999999997 20902.222222222208 16666.666666666657 15555.555555555546 18333.333333333321 21999.999999999985
 581.45000000000005 21113.333333333321 16888.88888888888 15766.666666666661 18518.518518518504 21999.999999999985
 581.87 21435.555555555544 17111.111111111102 15977.777777777772 18740.740740740726 22444.444444444431
 582.29999999999995 21757.777777777766 17355.555555555547 16233.333333333327 19111.111111111099 22777.777777777766
 582.72000000000003 22113.333333333321 17599.999999999993 16466.666666666657 19370.370370370358 23222.222222222208
 583.13999999999999 22479.999999999985 17866.666666666657 16711.111111111102 19629.629629629617 23444.444444444431
 583.55999999999995 22813.333333333328 18125.925925925912 16999.999999999993 19851.851851851839 23777.777777777766
 583.98000000000002 23191.111111111099 18399.999999999985 17255.555555555547 20111.111111111099 24222.222222222208
 584.39999999999998 23602.222222222204 18662.962962962949 17488.88888888888 20370.370370370354 24333.333333333321
 584.82000000000005 23902.222222222204 18914.814814814799 17744.444444444434 20629.62962962962 24888.888888888876
 585.24000000000001 24279.999999999985 19140.740740740726 17933.333333333325 20814.814814814803 25333.333333333318
 585.65999999999997 24613.333333333321 19392.59259259258 18177.777777777766 21185.185185185175 25666.666666666646
 586.08000000000004 24924.444444444431 19633.333333333321 18366.666666666657 21370.370370370361 25666.666666666653
 586.5 25224.444444444427 19892.59259259258 18611.111111111102 21777.777777777766 25999.999999999985
 586.91999999999996 25535.555555555537 20133.333333333321 18822.222222222212 22037.037037037026 26222.222222222204
 587.34000000000003 25924.444444444431 20414.814814814807 19044.444444444434 22333.333333333321 26777.777777777766
 587.75999999999999 26235.555555555544 20674.074074074066 19277.777777777766 22666.666666666653 26999.999999999982
 588.17999999999995 26546.666666666653 20940.740740740726 19466.666666666653 22777.777777777766 27222.222222222208
 588.60000000000002 26946.66666666665 21222.222222222208 19699.999999999985 23111.111111111099 27444.444444444427
 589.01999999999998 27368.888888888876 21551.851851851839 19988.888888888876 23518.518518518504 27555.555555555537
 589.44000000000005 27802.222222222208 21881.481481481467 20277.777777777766 23814.814814814799 27666.666666666653
 589.86000000000001 28235.555555555544 22222.222222222208 20633.333333333321 24222.222222222208 28444.444444444427
 590.27999999999997 28657.777777777763 22566.66666666665 20955.555555555544 24444.444444444431 28777.777777777759
 590.70000000000005 29102.222222222204 22907.407407407394 21266.666666666653 24740.74074074073 28999.999999999985
 591.12 29491.111111111099 23218.5185185185 21533.333333333321 25037.037037037022 28888.888888888876
 591.53999999999996 29913.333333333314 23551.851851851839 21844.444444444431 25370.370370370354 29333.333333333321
 591.96000000000004 30313.333333333314 23892.592592592577 22155.555555555547 25777.777777777766 29888.888888888876
 592.38 30679.999999999982 24203.703703703693 22422.222222222212 25999.999999999989 29888.888888888876
 592.79999999999995 31002.222222222204 24496.296296296285 22688.888888888876 26296.296296296281 30555.555555555544
 593.22000000000003 31302.222222222204 24785.185185185172 22911.111111111099 26555.55555555554 30999.999999999982
 593.63999999999999 31657.777777777759 25074.074074074058 23133.333333333321 26814.814814814799 31111.111111111091
 594.05999999999995 32035.555555555537 25359.259259259245 23366.666666666653 27185.185185185172 31111.111111111091
 594.48000000000002 32435.555555555537 25685.185185185172 23666.666666666661 27629.629629629613 31888.888888888869
 594.89999999999998 32824.444444444423 26022.222222222204 23977.77777777777 27999.999999999982 32333.333333333314
 595.32000000000005 33257.777777777759 26333.333333333318 24266.666666666661 28296.296296296277 32444.444444444431
 595.74000000000001 33691.111111111095 26640.740740740726 24588.888888888876 28703.70370370369 32888.888888888876
 596.15999999999997 34124.444444444423 26970.370370370354 24888.888888888876 29074.074074074058 33111.111111111102
 596.58000000000004 34591.111111111095 27303.703703703693 25177.777777777766 29444.444444444423 33333.333333333314
 597 35035.555555555533 27637.037037037022 25499.999999999985 29777.777777777759 33555.555555555533
 597.41999999999996 35513.333333333314 27970.370370370354 25811.111111111099 30074.074074074058 33666.666666666657
 597.83000000000004 35957.777777777759 28314.814814814796 26133.333333333321 30481.481481481467 34333.333333333321
 598.25 36357.777777777759 28633.333333333314 26399.999999999985 30740.740740740723 34333.333333333321
 598.66999999999996 36746.66666666665 28937.037037037018 26677.777777777766 31074.074074074058 34666.666666666657
 599.09000000000003 37079.999999999978 29229.629629629613 26944.444444444434 31333.333333333321 35111.111111111095
 599.50999999999999 37479.999999999978 29570.370370370354 27233.333333333321 31592.592592592577 35222.222222222204
 599.92999999999995 37846.66666666665 29888.888888888869 27544.444444444427 32074.074074074058 35999.999999999985
 600.35000000000002 38135.555555555533 30196.296296296277 27844.444444444423 32407.407407407391 36222.222222222204
 600.76999999999998 38435.555555555533 30492.592592592569 28166.666666666642 32888.888888888869 36777.777777777759
 601.19000000000005 38679.999999999978 30762.962962962945 28466.666666666642 33259.259259259241 37444.444444444423
 601.60000000000002 38968.888888888861 30996.296296296277 28688.888888888865 33370.37037037035 37333.333333333314
 602.01999999999998 39213.333333333307 31251.851851851836 28933.33333333331 33703.703703703686 37666.66666666665
 602.44000000000005 39535.555555555533 31492.592592592569 29166.666666666646 33999.999999999978 37999.999999999978
 602.86000000000001 39813.333333333307 31785.185185185168 29422.222222222204 34370.37037037035 38222.222222222204
 603.27999999999997 40024.444444444416 31959.259259259245 29655.555555555537 34666.666666666642 38666.66666666665
 603.70000000000005 40235.555555555533 32170.37037037035 29855.555555555537 34814.814814814788 38666.66666666665
 604.12 40468.888888888861 32396.296296296274 30088.888888888869 35185.185185185161 39444.444444444416
 604.52999999999997 40646.666666666642 32585.185185185161 30266.666666666646 35259.259259259234 39444.444444444416
 604.95000000000005 40802.222222222197 32785.185185185161 30433.333333333314 35518.518518518496 39666.66666666665
 605.37 40935.555555555533 33048.148148148124 30677.777777777759 35925.925925925905 40444.444444444416
 605.78999999999996 41135.555555555533 33244.444444444423 30888.888888888869 36185.185185185161 40888.888888888861
 606.21000000000004 41257.777777777752 33429.629629629613 31088.888888888869 36444.444444444423 41333.333333333307
 606.63 41391.111111111088 33585.185185185168 31255.555555555537 36592.592592592569 41555.555555555533
 607.03999999999996 41446.666666666642 33766.66666666665 31399.999999999982 36703.703703703679 41777.777777777752
 607.46000000000004 41579.999999999971 33911.111111111095 31566.666666666646 36851.851851851832 41999.999999999971
 607.88 41624.444444444416 34062.962962962942 31711.111111111091 36925.925925925905 41999.999999999971
 608.29999999999995 41757.777777777752 34214.814814814796 31855.555555555537 37111.111111111095 42222.222222222197
 608.72000000000003 41835.555555555533 34355.555555555533 31999.999999999982 37296.296296296277 42444.444444444416
 609.13 41868.888888888869 34392.592592592569 32122.222222222204 37444.444444444423 42444.444444444416
 609.54999999999995 41835.555555555533 34422.222222222204 32266.666666666646 37740.740740740723 42888.888888888861
 609.97000000000003 41757.777777777759 34496.29629629627 32377.777777777759 37962.962962962949 43111.111111111088
 610.38999999999999 41713.333333333307 34525.925925925905 32522.222222222204 38259.259259259241 43777.777777777752
 610.80999999999995 41691.111111111088 34588.888888888869 32677.777777777759 38629.629629629606 44333.333333333307
 611.22000000000003 41535.555555555533 34696.29629629627 32799.999999999985 39037.037037037015 44999.999999999971
 611.63999999999999 41457.777777777752 34692.592592592569 32944.444444444431 39407.407407407387 45444.444444444416
 612.05999999999995 41313.333333333307 34692.592592592569 33077.777777777766 39703.703703703686 45777.777777777752
 612.48000000000002 41191.111111111088 34692.592592592569 33177.777777777774 39851.851851851832 45888.888888888861
 612.88999999999999 41035.555555555533 34703.703703703679 33222.222222222219 39999.999999999978 46111.111111111088
 613.30999999999995 40868.888888888861 34748.148148148131 33222.222222222219 39925.925925925905 45777.777777777752
 613.73000000000002 40691.111111111088 34748.148148148124 33277.777777777774 39999.999999999978 45666.666666666642
 614.14999999999998 40546.666666666642 34733.333333333307 33288.888888888883 40037.037037037015 45444.444444444416
 614.55999999999995 40446.666666666642 34685.185185185161 33299.999999999993 40111.111111111095 45333.333333333307
 614.98000000000002 40224.444444444416 34570.37037037035 33311.111111111102 40074.074074074051 45333.333333333307
 615.39999999999998 40024.444444444423 34533.333333333314 33344.444444444438 40037.037037037007 45333.333333333307
 615.80999999999995 39802.222222222204 34503.703703703679 33344.444444444438 40037.037037037015 45333.333333333307
 616.23000000000002 39602.222222222204 34451.851851851825 33411.111111111102 40148.148148148124 45555.555555555533
 616.64999999999998 39446.66666666665 34399.999999999978 33433.333333333328 40074.074074074051 44999.999999999971
 617.07000000000005 39246.66666666665 34396.29629629627 33499.999999999993 39999.999999999971 44999.999999999971
 617.48000000000002 39035.555555555533 34322.222222222204 33555.555555555547 40185.185185185153 45222.222222222197
 617.89999999999998 38779.999999999978 34288.888888888869 33655.555555555547 40296.29629629627 45333.333333333307
 618.32000000000005 38546.66666666665 34288.888888888861 33699.999999999993 40333.333333333314 45222.222222222197
 618.73000000000002 38424.444444444423 34277.777777777759 33733.333333333328 40333.333333333314 45222.222222222197
 619.14999999999998 38257.777777777759 34211.111111111088 33733.333333333328 40481.48148148146 45111.111111111088
 619.57000000000005 38124.444444444423 34166.66666666665 33822.222222222219 40555.555555555533 45555.555555555533
 619.98000000000002 37935.555555555533 34188.888888888861 33833.333333333328 40703.703703703679 45777.777777777752
 620.39999999999998 37702.222222222204 34192.592592592569 33944.444444444438 40851.851851851825 46222.222222222197
 620.82000000000005 37535.555555555533 34181.481481481453 33966.666666666657 41074.074074074044 46555.555555555533
 621.23000000000002 37457.777777777759 34218.518518518496 34066.666666666657 41148.148148148117 46888.888888888861
 621.64999999999998 37257.777777777759 34225.925925925905 34077.777777777774 41185.185185185153 46888.888888888861
 622.07000000000005 37068.888888888869 34196.296296296277 34122.222222222212 41222.222222222197 46999.999999999971
 622.48000000000002 36924.444444444423 34218.518518518504 34222.222222222212 41481.48148148146 47333.333333333307
 622.89999999999998 36791.111111111095 34196.29629629627 34299.999999999985 41592.592592592569 47333.333333333307
 623.32000000000005 36591.111111111095 34185.185185185168 34299.999999999978 41666.66666666665 47111.111111111088
 623.73000000000002 36435.555555555533 34133.333333333314 34344.444444444423 41629.629629629613 46777.777777777752
 624.14999999999998 36402.222222222204 34137.037037037015 34377.777777777766 41851.851851851825 47666.666666666635
 624.55999999999995 36302.222222222204 34107.407407407387 34499.999999999978 41999.999999999971 47444.444444444409
 624.98000000000002 36113.333333333314 34137.037037037015 34588.888888888869 42111.111111111095 47666.666666666635
 625.39999999999998 36091.111111111095 34188.888888888869 34677.777777777759 42407.407407407387 47999.999999999964
 625.80999999999995 36002.222222222204 34303.703703703679 34822.222222222204 42592.592592592569 47999.999999999971
 626.23000000000002 35924.444444444423 34325.925925925898 35033.333333333314 42851.851851851832 48555.555555555533
 626.63999999999999 35824.444444444423 34466.66666666665 35144.444444444423 42925.925925925905 48888.888888888861
 627.05999999999995 35757.777777777759 34559.259259259241 35299.999999999978 43407.40740740738 49444.444444444409
 627.48000000000002 35668.888888888869 34655.555555555533 35522.222222222204 43777.777777777752 49777.777777777737
 627.88999999999999 35535.555555555533 34792.592592592569 35733.333333333314 44074.074074074044 49888.888888888854
 628.30999999999995 35413.333333333314 34788.888888888861 35999.999999999978 44518.518518518496 50999.999999999964
 628.72000000000003 35313.333333333314 34940.740740740715 36099.999999999978 44740.740740740715 50888.888888888861
 629.13999999999999 35279.999999999978 34914.814814814796 36299.999999999978 45111.111111111095 51111.11111111108
 629.54999999999995 35257.777777777759 34899.999999999978 36466.66666666665 45407.407407407387 51777.777777777737
 629.97000000000003 35146.66666666665 34944.444444444423 36544.444444444423 45592.592592592562 51222.222222222183
 630.38999999999999 35146.66666666665 35022.222222222204 36777.777777777759 45740.740740740715 51333.333333333299
 630.79999999999995 35213.333333333314 35140.740740740723 37066.66666666665 46111.111111111088 52111.111111111073
 631.22000000000003 35335.555555555533 35322.222222222204 37333.333333333314 46666.666666666642 53444.444444444409
 631.63 35379.999999999978 35374.074074074058 37555.555555555533 46851.851851851825 53111.111111111073
 632.04999999999995 35524.444444444423 35611.111111111095 37766.66666666665 47074.074074074044 53333.333333333307
 632.46000000000004 35691.111111111095 35670.37037037035 38111.111111111095 47518.518518518496 53888.888888888861
 632.88 35779.999999999978 35944.444444444416 38333.333333333314 47740.740740740708 54555.555555555533
 633.28999999999996 35868.888888888869 36177.777777777752 38722.222222222204 48444.444444444416 55666.66666666665
 633.71000000000004 36079.999999999978 36655.555555555533 39066.66666666665 48925.925925925905 56555.555555555533
 634.12 36257.777777777759 37066.66666666665 39399.999999999971 49481.48148148146 57333.333333333307
 634.53999999999996 36435.555555555533 37370.37037037035 39699.999999999971 49666.666666666642 57222.222222222197
 634.95000000000005 36613.333333333314 37525.925925925905 39888.888888888861 49592.592592592569 56888.888888888861
 635.37 36835.555555555533 37796.296296296277 40211.111111111088 50148.148148148124 58444.444444444431
 635.77999999999997 36924.444444444423 38007.407407407387 40444.444444444416 50407.407407407387 58555.555555555533
 636.20000000000005 37224.444444444423 38359.259259259241 40722.222222222197 50592.592592592555 58666.666666666642
 636.61000000000001 37357.777777777759 38455.555555555533 41133.333333333307 51037.037037037007 58999.999999999971
 637.02999999999997 37579.999999999978 38685.185185185153 41399.999999999971 50999.999999999971 58888.888888888847
 637.44000000000005 37679.999999999978 38655.555555555533 41755.555555555533 51407.407407407372 59555.555555555533
 637.86000000000001 37779.999999999978 38648.148148148117 41988.888888888861 51666.666666666635 59555.555555555518
 638.26999999999998 37857.777777777759 38707.40740740738 42277.777777777752 52037.037037037 59666.666666666628
 638.69000000000005 37902.222222222204 38929.629629629599 42699.999999999971 52444.444444444416 60111.111111111088
 639.10000000000002 38102.222222222204 39133.333333333307 43022.222222222197 52888.888888888861 60555.555555555518
 639.51999999999998 38535.555555555533 39829.629629629599 43444.444444444416 53407.40740740738 61777.777777777752
 639.92999999999995 38691.111111111095 39959.259259259234 43799.999999999971 53999.999999999978 62777.777777777752
 640.35000000000002 39002.222222222204 40229.629629629606 44277.777777777752 54518.518518518489 63555.555555555518
 640.75999999999999 39257.777777777752 40896.29629629627 44644.444444444416 55222.22222222219 63888.888888888861
 641.16999999999996 39746.666666666642 41211.111111111088 44944.444444444416 55555.555555555526 64444.444444444409
 641.59000000000003 40091.111111111095 41362.962962962949 45366.66666666665 56148.14814814811 64888.888888888847
 642 40446.66666666665 41674.074074074051 45766.666666666642 56666.666666666628 65444.444444444416
 642.41999999999996 40924.444444444423 42155.555555555533 46244.444444444416 57592.592592592555 65777.777777777737
 642.83000000000004 41135.555555555533 42459.259259259241 46622.222222222212 57925.925925925891 65444.444444444409
 643.24000000000001 41324.444444444423 42555.555555555533 47011.111111111088 58629.629629629584 65777.777777777737
 643.65999999999997 41591.111111111095 42951.851851851825 47466.666666666642 59296.296296296256 66111.111111111066
 644.07000000000005 41813.333333333314 43381.48148148146 47733.333333333321 59925.925925925891 66999.999999999956
 644.49000000000001 42024.444444444423 43599.999999999978 48233.333333333321 60518.518518518489 67666.666666666642
 644.89999999999998 42324.444444444416 44048.148148148124 48722.222222222197 61148.148148148117 67999.999999999956
 645.30999999999995 42757.777777777752 44681.481481481453 49122.222222222197 61851.851851851825 69222.22222222219
 645.73000000000002 43068.888888888861 45122.222222222197 49511.111111111088 62481.481481481445 69888.888888888847
 646.13999999999999 43302.222222222204 45807.40740740738 49866.666666666642 62666.666666666642 70222.22222222219
 646.55999999999995 43557.777777777759 45988.888888888869 50288.888888888861 63333.333333333292 71111.111111111066
 646.97000000000003 43768.888888888861 46329.629629629599 50544.444444444416 63370.370370370336 70555.555555555533
 647.38 43968.888888888861 46296.296296296263 50855.555555555533 63555.555555555518 71111.111111111066
 647.79999999999995 44213.333333333307 46640.740740740723 51199.999999999971 63777.777777777737 70777.777777777752
 648.21000000000004 44479.999999999971 46918.518518518496 51511.111111111088 64037.037037037 70777.777777777737
 648.62 44679.999999999971 46988.888888888854 51988.888888888861 64629.629629629584 71222.22222222219
 649.03999999999996 44868.888888888876 47085.185185185153 52499.999999999971 64962.96296296292 71444.444444444409
 649.45000000000005 45013.333333333321 47659.259259259241 53044.444444444416 65333.333333333292 72555.555555555518
 649.86000000000001 45257.777777777752 47411.111111111088 53577.777777777745 66222.22222222219 73888.888888888847
 650.27999999999997 45546.666666666642 48948.148148148117 54088.888888888861 66777.777777777752 74444.444444444409
 650.69000000000005 46035.555555555533 49229.629629629599 54866.666666666635 67999.999999999971 76444.444444444409
 651.10000000000002 46746.66666666665 50511.111111111088 55666.666666666628 69148.148148148117 77333.333333333299
 651.51999999999998 47513.333333333292 51388.888888888861 56466.666666666621 70148.148148148117 77888.888888888847
 651.92999999999995 48224.444444444409 52062.962962962934 57111.111111111073 70925.925925925898 78444.444444444409
 652.34000000000003 48702.222222222197 53059.259259259234 57566.666666666621 71259.259259259226 78333.333333333299
 652.75999999999999 49113.333333333307 53977.777777777759 57977.77777777773 71814.814814814774 78555.555555555518
 653.16999999999996 49668.888888888861 54429.629629629606 58299.999999999964 72333.333333333299 78333.333333333299
 653.58000000000004 50035.555555555533 55207.407407407372 58511.111111111073 72444.444444444409 78555.555555555518
 654 50479.999999999971 54762.962962962927 58722.222222222183 72592.59259259254 78444.444444444409
 654.40999999999997 50568.888888888847 55111.11111111108 58777.777777777737 72555.555555555504 77999.999999999956
 654.82000000000005 50446.666666666642 54981.481481481445 58666.666666666628 72259.259259259212 77888.888888888847
 655.23000000000002 50235.555555555533 54725.925925925891 58422.222222222183 71962.96296296292 77999.999999999956
 655.64999999999998 50046.666666666642 54418.518518518482 58277.777777777737 71999.999999999956 78222.22222222219
 656.05999999999995 49979.999999999971 54307.40740740738 58099.999999999956 72111.111111111066 78666.666666666628
 656.47000000000003 49913.333333333307 53725.925925925898 58144.444444444402 72333.333333333299 79999.999999999942
 656.88 49768.888888888861 53262.962962962934 58088.888888888847 72629.629629629591 81222.222222222175
 657.29999999999995 49835.555555555533 52596.296296296263 58277.777777777737 72999.999999999956 81444.444444444394
 657.71000000000004 49902.222222222197 52511.111111111073 58333.333333333292 73185.185185185139 81888.888888888847
 658.12 50002.222222222197 52311.111111111073 58422.222222222183 73407.407407407358 82222.22222222219
 658.52999999999997 49946.666666666642 51755.555555555533 58711.111111111073 73925.925925925883 83222.222222222175
 658.95000000000005 50179.999999999971 51892.592592592562 58922.222222222183 74222.222222222175 83666.666666666613
 659.36000000000001 50224.444444444416 51340.740740740708 59144.444444444409 74555.555555555504 84444.444444444394
 659.76999999999998 50091.111111111088 50840.740740740708 59422.222222222183 74888.888888888847 85222.222222222175
 660.17999999999995 50179.999999999971 50862.962962962934 59666.666666666628 75037.037037036993 84777.777777777723
 660.60000000000002 50368.888888888847 51744.444444444416 59922.222222222183 74925.925925925898 84333.333333333299
 661.00999999999999 50546.666666666642 53229.629629629599 60177.777777777737 75259.259259259226 84444.444444444409
 661.41999999999996 50491.111111111088 53474.074074074044 60411.111111111073 75518.518518518482 84888.888888888847
 661.83000000000004 50435.555555555533 53307.40740740738 60733.333333333292 75333.333333333285 84555.555555555518
 662.24000000000001 50579.999999999971 54137.037037037 60811.111111111073 75370.370370370321 84333.333333333285
 662.65999999999997 50324.444444444416 54244.444444444409 60844.444444444409 75111.111111111066 84777.777777777723
 663.07000000000005 50124.444444444416 54996.296296296263 60888.888888888847 74851.85185185181 84777.777777777723
 663.48000000000002 50291.111111111088 55492.592592592555 61122.222222222183 74888.888888888847 84777.777777777723
 663.88999999999999 50268.888888888861 55592.592592592555 61233.333333333292 75148.148148148117 84666.666666666613
 664.29999999999995 49968.888888888861 54503.703703703672 61088.888888888847 75148.148148148117 83444.444444444409
 664.71000000000004 49591.111111111088 53992.592592592555 60655.555555555518 74888.888888888847 83777.777777777723
 665.13 49279.999999999971 54696.296296296263 60377.777777777737 74962.96296296292 83999.999999999942
 665.53999999999996 49213.333333333307 54844.444444444416 59844.444444444409 74666.666666666642 83666.666666666613
 665.95000000000005 49002.222222222197 54329.629629629599 59511.111111111073 74296.296296296248 83777.777777777723
 666.36000000000001 48857.777777777752 53822.222222222204 58999.999999999964 74222.222222222175 82666.666666666613
 666.76999999999998 48813.333333333307 53048.148148148117 58677.777777777737 74185.185185185124 82222.222222222175
 667.17999999999995 48424.444444444416 52377.777777777745 58066.666666666628 73740.740740740701 81333.333333333299
 667.59000000000003 47835.555555555533 52285.185185185153 57399.999999999964 72703.70370370365 80222.22222222219
 668.00999999999999 47591.111111111088 52411.111111111073 56833.333333333292 71814.814814814774 79888.888888888847
 668.41999999999996 47191.111111111088 51255.555555555526 56233.333333333307 70777.777777777737 78333.333333333299
 668.83000000000004 46846.666666666642 49740.740740740708 55655.555555555533 69666.666666666628 76666.666666666628
 669.24000000000001 46257.777777777752 49462.962962962949 55211.111111111095 69037.037037036993 75777.777777777737
 669.64999999999998 45802.222222222197 48988.888888888854 54477.777777777766 68259.259259259212 74111.111111111066
 670.05999999999995 45146.666666666642 48922.222222222197 54077.777777777752 67481.481481481445 73333.333333333314
 670.47000000000003 44713.333333333307 48555.555555555533 53422.222222222212 66666.666666666642 72111.111111111066
 670.88 44057.777777777752 48229.629629629599 52811.111111111095 65629.629629629606 71444.444444444409
 671.28999999999996 43557.777777777752 47355.555555555533 51933.333333333321 64629.629629629584 70222.22222222219
 671.71000000000004 42902.222222222197 46522.222222222197 51199.999999999985 63777.777777777752 70111.111111111066
 672.12 42157.777777777759 46033.333333333307 50588.888888888861 62777.777777777737 69222.22222222219
 672.52999999999997 41535.555555555533 45159.259259259241 49766.666666666642 61851.851851851825 68888.888888888861
 672.94000000000005 40691.111111111095 44122.222222222197 48777.777777777752 60814.814814814781 67999.999999999956
 673.35000000000002 39713.333333333314 42959.259259259234 47799.999999999971 59518.518518518489 66666.666666666628
 673.75999999999999 38968.888888888869 41551.851851851825 46811.111111111088 58333.333333333292 65333.333333333292
 674.16999999999996 37968.888888888869 40551.851851851825 45611.111111111088 56851.851851851825 63777.777777777737
 674.58000000000004 37246.66666666665 39333.333333333299 44344.444444444416 55407.40740740738 62111.111111111088
 674.99000000000001 36513.333333333314 38696.296296296263 43411.111111111088 54518.518518518482 61444.444444444416
 675.39999999999998 35624.444444444423 37855.55555555554 42355.555555555533 53074.074074074044 59333.333333333321
 675.80999999999995 34879.999999999978 36837.037037037022 41177.777777777759 51962.962962962934 57888.888888888869
 676.22000000000003 34013.333333333314 36037.037037037015 40122.222222222204 50629.629629629599 55666.666666666628
 676.63 33468.888888888869 35129.629629629613 39111.111111111095 49555.555555555526 54888.888888888861
 677.03999999999996 32813.333333333314 34470.37037037035 38122.222222222204 48111.11111111108 53444.444444444416
 677.45000000000005 32091.111111111084 33722.222222222204 37144.444444444423 46851.851851851825 53111.111111111088
 677.86000000000001 31302.222222222204 33074.074074074058 36199.999999999978 45629.629629629599 52333.333333333321
 678.26999999999998 30502.222222222204 32355.555555555537 35288.888888888876 44407.407407407372 51333.333333333307
 678.67999999999995 29579.999999999982 31388.888888888869 34255.555555555533 42999.999999999971 50222.222222222197
 679.09000000000003 28868.888888888869 30433.333333333314 33211.111111111095 42111.11111111108 49111.111111111088
 679.5 28124.444444444423 29492.592592592569 32199.999999999982 40740.740740740708 47999.999999999971
 679.90999999999997 27257.777777777766 28588.888888888876 31233.333333333314 39444.444444444423 47555.555555555533
 680.32000000000005 26268.888888888876 27718.518518518504 30266.666666666653 38185.185185185168 46222.222222222197
 680.73000000000002 25435.555555555547 26737.037037037026 29233.333333333321 37074.074074074051 44888.888888888861
 681.13999999999999 24579.999999999993 25755.555555555547 28111.111111111099 35555.555555555533 42333.333333333314
 681.54999999999995 23846.666666666653 24862.962962962953 27188.888888888876 34333.333333333307 40999.999999999978
 681.96000000000004 23068.888888888876 24103.703703703693 26311.111111111099 33444.444444444416 39777.777777777759
 682.37 22379.999999999985 23233.333333333325 25433.333333333328 32333.333333333307 38555.555555555533
 682.77999999999997 21624.444444444431 22459.259259259248 24599.999999999985 31074.074074074058 37111.111111111095
 683.19000000000005 20935.555555555547 21740.740740740726 23766.666666666653 29999.999999999982 36222.222222222204
 683.60000000000002 20346.666666666657 20933.333333333318 22866.666666666653 28814.814814814799 34333.333333333314
 684.00999999999999 19724.444444444434 20192.59259259258 21966.666666666653 27703.70370370369 33111.111111111095
 684.41999999999996 19102.222222222212 19562.962962962949 21211.111111111102 26555.555555555537 31666.666666666646
 684.83000000000004 18524.444444444434 18937.037037037026 20533.333333333325 25777.777777777766 30999.999999999985
 685.24000000000001 17857.777777777766 18299.999999999985 19799.999999999989 25185.185185185168 30111.111111111091
 685.64999999999998 17213.333333333325 17625.925925925916 18966.666666666657 24111.111111111099 28888.888888888865
 686.05999999999995 16668.88888888888 17011.111111111102 18211.111111111102 23185.185185185175 28111.111111111091
 686.47000000000003 16124.444444444434 16370.370370370358 17499.999999999985 22407.407407407398 27666.666666666646
 686.88 15435.555555555542 15714.814814814807 16766.666666666657 21592.59259259258 26111.111111111099
 687.28999999999996 14824.444444444434 15159.25925925925 16244.444444444434 21185.185185185175 25999.999999999985
 687.69000000000005 14279.999999999993 14551.851851851845 15722.22222222221 20666.666666666653 25444.444444444434
 688.10000000000002 13724.444444444438 13977.77777777777 15177.777777777768 20111.111111111099 25333.333333333321
 688.50999999999999 13146.666666666661 13496.296296296288 14566.666666666661 19444.444444444431 24555.555555555544
 688.91999999999996 12691.111111111104 12951.851851851845 13922.222222222215 18333.333333333321 23111.111111111099
 689.33000000000004 12268.888888888883 12462.962962962956 13422.222222222215 17666.666666666657 22111.111111111102
 689.74000000000001 11791.111111111106 11959.259259259254 12922.222222222219 16962.962962962953 20555.555555555547
 690.14999999999998 11346.666666666662 11529.629629629624 12433.33333333333 16259.259259259248 19666.666666666657
 690.55999999999995 11024.44444444444 11133.333333333328 12022.222222222215 15703.703703703695 19222.222222222212
 690.96000000000004 10691.111111111106 10711.111111111104 11511.111111111104 15037.037037037029 18111.111111111102
 691.37 10246.666666666662 10344.444444444438 11111.111111111104 14444.444444444438 17555.555555555547
 691.77999999999997 9968.8888888888832 9962.9629629629562 10633.333333333328 13999.999999999993 16777.777777777766
 692.19000000000005 9657.7777777777737 9574.0740740740675 10299.999999999995 13629.62962962962 16111.111111111102
 692.60000000000002 9335.5555555555511 9203.7037037036989 9911.1111111111059 13222.222222222214 15777.777777777768
 693.00999999999999 8979.9999999999945 8851.8518518518467 9588.8888888888832 12851.851851851843 15888.88888888888
 693.41999999999996 8691.1111111111059 8522.2222222222172 9199.9999999999945 12407.4074074074 15888.888888888876
 693.82000000000005 8379.9999999999945 8211.1111111111059 8933.3333333333285 12296.296296296288 15777.777777777765
 694.23000000000002 8079.9999999999955 7885.1851851851807 8655.5555555555511 12111.111111111102 15888.88888888888
 694.63999999999999 7891.1111111111049 7607.4074074074033 8399.9999999999964 11777.777777777772 15999.999999999993
 695.04999999999995 7657.777777777771 7292.5925925925876 8044.4444444444398 11259.259259259252 15222.222222222212
 695.46000000000004 7424.4444444444398 7022.2222222222172 7822.2222222222172 11185.185185185179 15444.444444444434
 695.87 7202.2222222222172 6774.0740740740712 7499.9999999999964 10814.814814814808 15333.333333333327
 696.26999999999998 7002.2222222222172 6551.8518518518495 7299.9999999999964 10555.555555555549 15444.444444444438
 696.67999999999995 6868.888888888886 6344.4444444444407 7066.6666666666633 10333.333333333327 14999.999999999996
 697.09000000000003 6679.9999999999964 6114.8148148148111 6799.9999999999964 10037.037037037029 14444.444444444438
 697.5 6457.7777777777746 5903.7037037037007 6577.7777777777746 9703.7037037036971 14444.444444444442
 697.90999999999997 6302.2222222222208 5696.2962962962938 6288.8888888888869 9185.1851851851789 13555.555555555549
 698.30999999999995 6035.555555555552 5474.0740740740712 6066.6666666666652 8814.8148148148084 12666.666666666664
 698.72000000000003 5902.222222222219 5296.2962962962938 5877.7777777777746 8629.6296296296259 12333.33333333333
 699.13 5668.8888888888869 5107.4074074074051 5677.7777777777746 8222.2222222222172 11666.666666666661
 699.53999999999996 5491.1111111111086 4933.3333333333312 5499.9999999999964 7925.9259259259206 11333.333333333327
 699.94000000000005 5313.3333333333312 4781.4814814814781 5377.7777777777746 7777.7777777777728 11444.444444444436
 700.35000000000002 5057.7777777777756 4596.2962962962938 5177.7777777777746 7555.5555555555511 10888.888888888883
 700.75999999999999 4879.9999999999973 4437.0370370370338 4999.9999999999964 7259.2592592592546 10333.333333333327
 701.16999999999996 4768.8888888888869 4270.3703703703677 4833.3333333333312 7074.0740740740694 9777.7777777777737
 701.57000000000005 4635.5555555555529 4133.3333333333312 4699.9999999999973 7037.0370370370329 9555.5555555555511
 701.98000000000002 4424.4444444444416 3996.2962962962938 4522.2222222222199 7074.0740740740703 9666.6666666666606
 702.38999999999999 4335.5555555555529 3877.7777777777756 4399.9999999999964 6962.962962962959 9777.7777777777719
 702.79999999999995 4146.6666666666642 3748.148148148146 4222.2222222222199 6666.6666666666633 9555.5555555555511
 703.20000000000005 4079.9999999999977 3625.9259259259238 4133.3333333333312 6666.6666666666633 9999.9999999999927
 703.61000000000001 3957.7777777777746 3477.7777777777756 3899.9999999999977 6296.2962962962929 9111.111111111104
 704.01999999999998 3891.1111111111086 3362.9629629629612 3777.777777777776 6148.1481481481442 9222.2222222222172
 704.42999999999995 3802.222222222219 3288.8888888888869 3755.5555555555538 6407.4074074074033 10111.111111111104
 704.83000000000004 3735.5555555555529 3185.1851851851834 3655.5555555555529 6222.222222222219 9999.9999999999945
 705.24000000000001 3624.4444444444416 3096.2962962962943 3599.9999999999982 6259.2592592592564 10222.222222222217
 705.64999999999998 3624.4444444444416 3014.8148148148125 3522.2222222222208 6074.0740740740694 10111.111111111106
 706.04999999999995 3513.3333333333308 2914.814814814813 3411.1111111111095 5888.888888888886 9444.4444444444398
 706.46000000000004 3602.2222222222194 2848.1481481481464 3411.1111111111104 5999.9999999999964 9666.6666666666606
 706.87 3391.111111111109 2766.6666666666652 3311.1111111111104 5888.8888888888869 9111.111111111104
 707.26999999999998 3268.8888888888869 2696.2962962962952 3222.2222222222213 5740.7407407407372 8666.6666666666642
 707.67999999999995 3191.1111111111095 2633.3333333333326 3166.6666666666661 5703.7037037036998 8555.5555555555511
 708.09000000000003 3079.9999999999986 2562.9629629629617 3099.9999999999991 5740.7407407407363 8444.4444444444398
 708.49000000000001 2968.8888888888878 2507.407407407406 3044.444444444443 5814.8148148148111 8666.6666666666624
 708.89999999999998 2891.1111111111099 2448.1481481481464 2988.8888888888873 5703.7037037037007 8555.5555555555511
 709.30999999999995 2724.4444444444434 2381.4814814814799 2955.5555555555538 5629.6296296296259 8777.7777777777719
 709.71000000000004 2657.7777777777765 2329.6296296296282 2877.777777777776 5592.5925925925885 9111.111111111104
 710.12 2524.4444444444434 2255.5555555555538 2766.6666666666661 5370.3703703703668 9222.2222222222154
 710.52999999999997 2568.8888888888878 2211.1111111111099 2733.3333333333317 5333.3333333333303 9555.5555555555493
 710.92999999999995 2468.8888888888878 2177.7777777777769 2722.2222222222208 5481.4814814814781 9888.8888888888832
 711.34000000000003 2446.6666666666656 2125.9259259259252 2688.8888888888873 5370.3703703703677 9999.9999999999927
 711.75 2413.3333333333321 2048.1481481481474 2622.2222222222208 4925.9259259259234 9444.4444444444398
 712.14999999999998 2379.9999999999986 1981.4814814814802 2555.5555555555538 4740.7407407407372 9444.4444444444416
 712.55999999999995 2168.8888888888878 1925.9259259259245 2488.8888888888878 4666.6666666666642 9888.8888888888832
 712.96000000000004 2213.3333333333321 1870.3703703703691 2366.6666666666656 4481.481481481479 9222.2222222222154
 713.37 2168.8888888888878 1818.5185185185173 2322.2222222222208 4333.3333333333303 8333.3333333333285
 713.77999999999997 2057.7777777777765 1788.8888888888875 2355.5555555555538 4592.5925925925903 8444.4444444444398
 714.17999999999995 2002.222222222221 1729.6296296296287 2311.1111111111095 4407.4074074074051 7777.7777777777728
 714.59000000000003 2035.5555555555543 1707.407407407406 2388.8888888888873 4703.7037037037007 8555.5555555555511
 714.99000000000001 1946.6666666666652 1655.5555555555545 2333.3333333333317 4555.555555555552 7999.9999999999964
 715.39999999999998 1902.2222222222206 1603.7037037037028 2244.4444444444434 4407.4074074074051 7222.2222222222181
 715.80999999999995 1857.7777777777765 1570.3703703703695 2244.4444444444434 4259.2592592592573 7222.2222222222181
 716.21000000000004 1957.7777777777765 1551.8518518518511 2211.1111111111099 4185.1851851851825 6555.5555555555511
 716.62 1902.2222222222206 1525.925925925925 2233.3333333333321 4222.2222222222199 6888.888888888885
 717.01999999999998 1846.6666666666654 1496.2962962962952 2199.9999999999986 4296.2962962962947 7444.4444444444398
 717.42999999999995 1802.222222222221 1466.6666666666656 2122.2222222222208 3962.9629629629603 7111.1111111111059
 717.83000000000004 1791.1111111111102 1440.7407407407397 2099.9999999999991 3962.9629629629603 7555.5555555555511
 718.24000000000001 1657.7777777777767 1374.074074074073 1955.5555555555543 3481.4814814814795 6333.3333333333303
 718.64999999999998 1635.5555555555547 1351.8518518518511 1944.4444444444432 3629.6296296296273 6777.7777777777737
 719.04999999999995 1546.6666666666658 1362.9629629629619 2033.3333333333326 3962.9629629629603 7999.9999999999955
 719.46000000000004 1457.7777777777769 1344.4444444444437 1977.7777777777765 3962.9629629629612 7555.5555555555511
 719.86000000000001 1368.8888888888882 1337.0370370370363 1977.7777777777769 4074.0740740740712 8333.3333333333267
 720.26999999999998 1279.9999999999993 1311.1111111111104 1922.222222222221 4037.0370370370342 7999.9999999999955
 720.66999999999996 1279.9999999999991 1314.8148148148141 1966.6666666666654 4074.0740740740712 8333.3333333333285
 721.08000000000004 1257.7777777777769 1292.5925925925919 1944.4444444444437 4148.1481481481451 8111.1111111111049
 721.48000000000002 1191.1111111111104 1274.0740740740732 1922.222222222221 4222.222222222219 7777.7777777777728
 721.88999999999999 1224.4444444444439 1251.8518518518513 1944.4444444444437 4259.2592592592555 8333.3333333333285
 722.28999999999996 1179.9999999999993 1251.8518518518513 1922.222222222221 4296.2962962962929 8444.4444444444398
 722.70000000000005 1191.1111111111104 1211.1111111111104 1822.222222222221 3999.9999999999982 7888.8888888888841
 723.10000000000002 1202.2222222222217 1214.8148148148139 1833.3333333333321 4185.1851851851834 8333.3333333333285
 723.50999999999999 1191.1111111111104 1185.1851851851845 1833.3333333333321 4074.0740740740721 7666.6666666666615
 723.90999999999997 1202.2222222222217 1177.7777777777769 1899.9999999999989 4259.2592592592564 7999.9999999999955
 724.32000000000005 1168.8888888888882 1144.4444444444439 1811.1111111111099 4185.1851851851825 7777.7777777777728
 724.72000000000003 1191.1111111111104 1103.703703703703 1744.4444444444432 3962.9629629629603 6999.9999999999955
 725.13 1246.6666666666658 1092.5925925925919 1755.5555555555545 3888.8888888888855 7222.2222222222181
 725.52999999999997 1191.1111111111104 1099.9999999999993 1766.6666666666654 3851.851851851849 7444.4444444444398
 725.94000000000005 1179.9999999999993 1062.9629629629624 1699.9999999999991 3740.7407407407381 7222.2222222222163
 726.34000000000003 1135.555555555555 1051.8518518518513 1677.7777777777765 3777.7777777777756 6999.9999999999964
 726.75 1091.1111111111104 1022.2222222222216 1677.7777777777767 3666.6666666666642 6888.888888888885
 727.14999999999998 1124.4444444444439 992.59259259259204 1666.6666666666654 3777.7777777777756 6999.9999999999955
 727.54999999999995 1079.9999999999995 962.96296296296225 1566.6666666666654 3518.5185185185164 6555.5555555555511
 727.96000000000004 1013.3333333333327 940.74074074074008 1588.888888888888 3481.4814814814799 6666.6666666666624
 728.36000000000001 891.11111111111052 944.444444444444 1622.2222222222215 3555.5555555555529 7444.4444444444398
 728.76999999999998 813.3333333333328 911.11111111111052 1555.5555555555547 3518.5185185185164 7222.2222222222172
 729.16999999999996 794.28571428571377 885.7142857142851 1528.5714285714275 3476.1904761904739 6857.1428571428532
 729.58000000000004 779.99999999999966 866.66666666666629 1519.9999999999991 3599.9999999999977 6999.9999999999973
 729.98000000000002 646.6666666666664 844.44444444444389 1466.6666666666658 3222.2222222222204 7333.3333333333285
 730.38 979.99999999999943 766.66666666666617 1299.9999999999991 3333.3333333333312 5999.9999999999964


