 20008.003201280513 4498.6504048785337 5165.1171315272049
 19990.804230054175 4498.6504048785337 5165.1171315272049
 19973.634802061279 4831.8837682028698 5331.733813189373
 19956.494841246084 4165.4170415541976 4665.2670865407017
 19939.384271813688 4831.8837682028698 4998.5004498650369
 19922.303018228908 4498.6504048785337 4831.8837682028698
 19905.647232119751 3998.8003598920295 5165.1171315272049
 19888.623707239458 4332.0337232163656 4998.5004498650369
 19871.629274884246 4165.4170415541976 4998.5004498650369
 19854.663860540841 4498.6504048785337 4498.6504048785337
 19837.727389950207 4498.6504048785337 4998.5004498650369
 19820.819789106477 3832.1836782298615 4665.2670865407017
 19803.940984255867 3832.1836782298615 4831.8837682028698
 19787.090901895604 4498.6504048785337 5165.1171315272049
 19770.269468772858 4332.0337232163656 5165.1171315272049
 19753.476611883692 3665.5669965676934 4165.4170415541976
 19736.712258471984 4332.0337232163656 4831.8837682028698
 19720.365221163898 3998.8003598920295 5331.733813189373
 19703.656998738967 4332.0337232163656 5165.1171315272049
 19686.977064671719 4165.4170415541976 4998.5004498650369
 19670.325347181242 4665.2670865407017 4831.8837682028698
 19653.70177472927 4665.2670865407017 5331.733813189373
 19637.106276019167 4665.2670865407017 5498.350494851541
 19620.538779994899 3998.8003598920295 4998.5004498650369
 19603.999215840031 4498.6504048785337 4831.8837682028698
 19587.871190159054 4165.4170415541976 4665.2670865407017
 19571.386632742931 4498.6504048785337 5165.1171315272049
 19554.929797802026 3998.8003598920295 4498.6504048785337
 19538.50061546277 4165.4170415541976 5331.733813189373
 19522.099016086209 4165.4170415541976 4998.5004498650369
 19505.724930267035 4332.0337232163656 4831.8837682028698
 19489.758132101579 4165.4170415541976 4665.2670865407017
 19473.438230253934 5165.1171315272049 5165.1171315272049
 19457.145636735087 4998.5004498650369 5498.350494851541
 19440.880283059218 4332.0337232163656 5165.1171315272049
 19424.642100969293 4665.2670865407017 4665.2670865407017
 19408.431022436147 4165.4170415541976 5331.733813189373
 19392.623046193228 4665.2670865407017 5165.1171315272049
 19376.465345191729 4665.2670865407017 4665.2670865407017
 19360.334546580965 3998.8003598920295 4998.5004498650369
 19344.230583228549 4332.0337232163656 4831.8837682028698
 19328.153388225288 4165.4170415541976 5498.350494851541
 19312.475859405178 4498.6504048785337 5498.350494851541
 19296.451382590742 3665.5669965676934 4665.2670865407017
 19280.453476265764 4665.2670865407017 4831.8837682028698
 19264.482074399428 4665.2670865407017 4998.5004498650369
 19248.907624492309 4165.4170415541976 5165.1171315272049
 19232.988421740967 4498.6504048785337 5831.5838581758771
 19217.095528181871 4665.2670865407017 5498.350494851541
 19201.228878648235 4332.0337232163656 4498.6504048785337
 19185.756494378573 5165.1171315272049 5998.2005398380443
 19169.941531678331 5165.1171315272049 5664.9671765137091
 19154.152620288078 4332.0337232163656 5831.5838581758771
 19138.389695890986 4665.2670865407017 5165.1171315272049
 19123.018377220662 4665.2670865407017 5331.733813189373
 19107.306634056862 4665.2670865407017 5331.733813189373
 19091.620687680177 4831.8837682028698 5664.9671765137091
 19076.324373819651 4831.8837682028698 5998.2005398380443
 19060.689234522721 4831.8837682028698 5831.5838581758771
 19045.079703658557 4831.8837682028698 5831.5838581758771
 19029.857846961884 4332.0337232163656 5998.2005398380443
 19014.298752662002 4498.6504048785337 5998.2005398380443
 18998.765080269783 5165.1171315272049 6664.6672664867165
 18983.256767531038 5664.9671765137091 5831.5838581758771
 18968.13353566009 4498.6504048785337 5998.2005398380443
 18952.675170100261 4498.6504048785337 6164.8172215002123
 18937.241980078023 4165.4170415541976 5664.9671765137091
 18922.191946715106 4165.4170415541976 5664.9671765137091
 18906.808341683842 5165.1171315272049 5998.2005398380443
 18891.449729852269 5165.1171315272049 5831.5838581758771
 18876.47236484446 4665.2670865407017 5831.5838581758771
 18861.162979309302 6331.4339031623804 6664.6672664867165
 18846.233580218992 5165.1171315272049 6498.0505848245484
 18830.973184694187 4665.2670865407017 6664.6672664867165
 18815.737482830638 4831.8837682028698 5998.2005398380443
 18800.87988117844 5331.733813189373 6498.0505848245484
 18785.692816351064 5331.733813189373 6664.6672664867165
 18770.530267480055 4998.5004498650369 6498.0505848245484
 18755.743946583643 5664.9671765137091 6831.2839481488845
 18740.629685157419 5664.9671765137091 6997.9006298110526
 18725.890416089285 4998.5004498650369 6164.8172215002123
 18710.824211806528 5664.9671765137091 7164.5173114732188
 18695.782231528567 4498.6504048785337 6664.6672664867165
 18681.113394358305 5165.1171315272049 6997.9006298110526
 18666.119127172267 5165.1171315272049 6164.8172215002123
 18651.496782616807 5831.5838581758771 7164.5173114732188
 18636.550001863652 5498.350494851541 7164.5173114732188
 18621.627157781048 5498.350494851541 6997.9006298110526
 18607.074409690566 5165.1171315272049 6997.9006298110526
 18592.19871341985 5664.9671765137091 7497.7506747975549
 18577.691907557404 4998.5004498650369 6997.9006298110526
 18562.863136010095 5831.5838581758771 7830.984038121891
 18548.402055162947 6498.0505848245484 7997.600719784059
 18533.619986655794 5831.5838581758771 7664.3673564597229
 18519.204414978332 6164.8172215002123 7664.3673564597229
 18504.46882922226 6331.4339031623804 8330.8340831083951
 18489.75667480216 6831.2839481488845 8330.8340831083951
 18475.409230314453 5331.733813189373 8164.2174014462271
 18460.743229522417 6164.8172215002123 8330.8340831083951
 18446.4407592555 6331.4339031623804 8330.8340831083951
 18431.82069524828 6498.0505848245484 8830.6841280948993
 18417.56298806542 6164.8172215002123 8664.0674464327312
 18402.988645356007 6164.8172215002123 8330.8340831083951
 18388.775491440028 6331.4339031623804 8997.3008097570673
 18374.246655887109 6664.6672664867165 8664.0674464327312
 18360.07784673007 6831.2839481488845 8830.6841280948993
 18345.594305527527 6664.6672664867165 8830.6841280948993
 18331.469633920551 6997.9006298110526 8997.3008097570673
 18317.031175587061 7164.5173114732188 9497.1508547435715
 18302.950435610219 6997.9006298110526 9330.5341730814034
 18288.891327407735 6664.6672664867165 9830.3842180679057
 18274.519836991283 6997.9006298110526 9163.9174914192354
 18260.504355130288 7664.3673564597229 10330.23426305441
 18246.17742582929 7164.5173114732188 9497.1508547435715
 18232.205367561259 6664.6672664867165 9497.1508547435715
 18217.922792443205 7664.3673564597229 9997.0008997300738
 18203.993956274004 6997.9006298110526 10330.23426305441
 18189.755529685681 7164.5173114732188 10163.617581392242
 18175.869715365883 7664.3673564597229 11163.31767136525
 18162.005085361423 7497.7506747975549 11496.551034689586
 18147.832241438762 7331.1339931353868 11163.31767136525
 18134.010336385891 7497.7506747975549 10663.467626378746
 18119.881133579765 7997.600719784059 11496.551034689586
 18106.101756291871 7664.3673564597229 11663.167716351754
 18092.015993342138 8497.4507647705632 11663.167716351754
 18078.278947844166 8497.4507647705632 11663.167716351754
 18064.5627472587 8830.6841280948993 12496.251124662593
 18050.541516245488 8330.8340831083951 11829.784398013921
 18036.867356877457 8330.8340831083951 11996.401079676089
 18022.88906911778 8664.0674464327312 11329.934353027418
 18009.256757973599 7997.600719784059 11829.784398013921
 17995.645053896955 8330.8340831083951 11829.784398013921
 17981.730561749264 8664.0674464327312 12996.101169649097
 17968.160419736229 8830.6841280948993 12329.634443000425
 17954.61074403907 8997.3008097570673 13495.951214635601
 17940.759611761961 9663.7675364057395 13162.717851311265
 17927.251214571272 8497.4507647705632 12996.101169649097
 17913.763144223707 9497.1508547435715 13995.801259622105
 17899.974940035085 9497.1508547435715 13162.717851311265
 17886.527867210414 9497.1508547435715 13329.334532973433
 17873.100983020555 9497.1508547435715 13662.567896297769
 17859.37527905274 9997.0008997300738 14329.034622946438
 17845.989113946638 9830.3842180679057 14662.267986270774
 17832.623000517146 9663.7675364057395 13995.801259622105
 17818.959372772628 9663.7675364057395 14329.034622946438
 17805.633702503474 9997.0008997300738 14329.034622946438
 17792.327948188744 10996.700989703082 14828.884667932942
 17778.725976496524 10163.617581392242 15162.118031257278
 17765.460391906057 9663.7675364057395 14828.884667932942
 17752.214588769952 9663.7675364057395 14995.50134959511
 17738.988522874424 10830.084308040914 15661.968076243782
 17725.467952353942 10663.467626378746 15495.351394581614
 17712.281696128095 10163.617581392242 15661.968076243782
 17699.115044247788 11163.31767136525 16495.051484554624
 17685.655165095592 10996.700989703082 16161.818121230286
 17672.528055138286 11163.31767136525 16828.28484787896
 17659.420417821886 10996.700989703082 16495.051484554624
 17646.332209850181 11163.31767136525 17161.518211203293
 17632.952461560162 11329.934353027418 16828.28484787896
 17619.903442929135 11163.31767136525 16994.901529541126
 17606.873723501652 11163.31767136525 17328.134892865462
 17593.863260494738 11996.401079676089 17827.984937851965
 17580.562929625008 11829.784398013921 17994.601619514135
 17567.59130755582 12163.017761338257 18161.218301176301
 17554.638813306417 12996.101169649097 18494.451664500637
 17541.705404599434 12496.251124662593 18661.068346162807
 17528.791039282019 12496.251124662593 19160.918391149309
 17515.58887409795 12996.101169649097 19327.535072811479
 17502.712920502676 12996.101169649097 19494.151754473645
 17489.855883587519 12829.484487986929 19660.768436135811
 17477.017721695971 13162.717851311265 19827.385117797978
 17464.198393293747 12996.101169649097 19827.385117797978
 17451.093310995933 13329.334532973433 20160.618481122314
 17438.311971401166 13662.567896297769 20827.085207770986
 17425.549340442958 13995.801259622105 21326.935252757492
 17412.805377074303 13662.567896297769 21160.318571095322
 17400.080040368186 13829.184577959937 21493.551934419658
 17387.373289517152 13995.801259622105 21826.785297743994
 17374.383209396066 14495.651304608606 21993.401979406164
 17361.713948400986 14329.034622946438 22326.6353427305
 17349.063150589867 14329.034622946438 22326.6353427305
 17336.43077563191 14828.884667932942 23159.718751041342
 17323.816783313698 14995.50134959511 23159.718751041342
 17311.221133538762 15495.351394581614 23826.185477690007
 17298.643786327149 14995.50134959511 23492.952114365671
 17285.785898255865 15661.968076243782 23826.185477690007
 17273.245470091377 15495.351394581614 24159.418841014343
 17260.723224303099 15995.201439568118 24492.652204338679
 17248.219121375718 16161.818121230286 24825.885567663016
 17235.733121908339 15995.201439568118 25325.735612649521
 17223.265186614077 15995.201439568118 24992.502249325185
 17210.815276319641 16661.66816621679 25658.968975973858
 17198.383351964912 16661.66816621679 26325.43570262253
 17185.969374602573 16828.28484787896 26492.052384284696
 17173.278378842522 16994.901529541126 26825.285747609032
 17160.9006040637 17661.368256189799 27491.752474257704
 17148.540659189905 17994.601619514135 27991.60251924421
 17136.198505723492 17994.601619514135 28324.835882568546
 17123.874105277577 18494.451664500637 28658.069245892875
 17111.567419575633 17994.601619514135 28658.069245892875
 17099.278410451079 18827.685027824973 29157.919290879381
 17087.0070398469 18994.301709487143 29991.00269919022
 17074.753269815254 19327.535072811479 30490.852744176726
 17062.517062517061 19660.768436135811 31157.319470825398
 17050.298380221655 19327.535072811479 30657.469425838892
 17038.097185306346 19660.768436135811 31323.936152487564
 17025.91344025607 19994.001799460148 31657.1695158119
 17013.747107662992 20160.618481122314 32157.019560798406
 17001.598150226124 19994.001799460148 32323.636242460572
 16989.466530750935 20327.235162784484 32990.102969109248
 16977.352212148995 20827.085207770986 33156.719650771411
 16965.255157437565 21660.168616081828 33989.803059082253
 16953.175329739261 21493.551934419658 33989.803059082253
 16941.112692281629 21660.168616081828 34822.886467393088
 16929.067208396817 22493.252024392666 35489.35319404176
 16917.038841521178 22826.485387717006 35822.586557366099
 16905.027555194916 22659.868706054836 36489.053284014772
 16893.033313061693 22826.485387717006 36489.053284014772
 16881.056078868292 23326.335432703509 37155.520010663444
 16869.09581646424 23826.185477690007 38155.220100636448
 16857.152489801421 23992.802159352177 38155.220100636448
 16845.226062933765 23992.802159352177 38821.686827285121
 16833.316500016834 24326.035522676513 38988.303508947291
 16821.423765307496 24825.885567663016 40154.620280582465
 16809.547823163557 24825.885567663016 39821.386917258125
 16797.688638043404 25325.735612649521 40654.470325568967
 16785.846174505656 26158.81902096036 41320.93705221764
 16774.020397208806 26158.81902096036 41320.93705221764
 16762.211270910859 25992.202339298194 42487.253823852814
 16750.418760469012 26991.902429271202 43486.953913825826
 16738.642830839275 26825.285747609032 43486.953913825826
 16727.16324038606 27491.752474257704 43653.570595487989
 16715.41997492687 27325.135792595538 44320.037322136661
 16703.693186563549 27991.60251924421 44986.504048785333
 16691.982840641638 28324.835882568546 45486.354093771843
 16680.288902603792 28158.219200906376 45486.354093771843
 16668.611337989434 28491.452564230713 46152.820820420515
 16656.950112434413 29324.535972541547 46985.904228731342
 16645.30519167069 29324.535972541547 47485.754273717845
 16633.676541525972 29657.769335865883 48485.454363690857
 16622.340425531915 29824.386017528053 48652.071045353026
 16610.743829108669 29824.386017528053 48652.071045353026
 16599.16340216453 30157.619380852389 49818.387816988201
 16587.599110904688 30324.236062514556 49818.387816988201
 16576.050921628434 30657.469425838892 49985.004498650371
 16564.518800728838 30990.702789163228 50651.471225299043
 16553.002714692444 31157.319470825398 50818.087906961206
 16541.776255934365 31657.1695158119 51317.937951947715
 16530.291759649557 31323.936152487564 51317.937951947715
 16518.823199035302 31823.78619747407 52650.87140524506
 16507.370540946533 31990.402879136236 52650.87140524506
 16495.933752330049 31990.402879136236 52984.104768569392
 16484.512800224191 32656.869605784908 53150.721450231562
 16473.379019504482 32656.869605784908 54317.038221866736
 16461.989266782995 32823.486287447078 53983.804858542404
 16450.615253010463 33156.719650771411 54317.038221866736
 16439.256945586061 33323.336332433581 54816.888266853239
 16427.914311998949 33323.336332433581 54483.654903528906
 16416.856828591597 33489.95301409575 54983.504948515409
 16405.545074235091 33823.186377420083 55483.354993501911
 16394.248897486759 33656.56969575792 55483.354993501911
 16382.968266190468 33156.719650771411 55983.205038488421
 16371.703148278517 33823.186377420083 56149.821720150583
 16360.72118058964 34156.419740744415 56316.438401812753
 16349.48662611994 34323.036422406585 56316.438401812753
 16338.26749011535 33989.803059082253 56316.438401812753
 16327.063740856844 34656.269785730925 56483.055083474923
 16316.141558844165 34656.269785730925 57149.521810123595
 16304.968123787319 34822.886467393088 56816.288446799255
 16293.809981587994 34489.653104068755 56982.905128461425
 16282.667100871124 34489.653104068755 57316.13849178575
 16271.804217651656 35156.119830717427 57649.37185511009
 16260.691404598523 34489.653104068755 57649.37185511009
 16249.593760155996 34656.269785730925 58149.221900096592
 16238.774946818014 34656.269785730925 57649.37185511009
 16227.707187251513 34489.653104068755 57649.37185511009
 16216.654504175789 34989.503149055257 58149.221900096592
 16205.616866806035 34656.269785730925 57649.37185511009
 16194.856513571289 34989.503149055257 58315.838581758762
 16183.848519177862 35156.119830717427 58149.221900096592
 16172.855479363436 35489.35319404176 58315.838581758762
 16162.138574176135 35322.736512379597 58649.071945083095
 16151.174997981103 35489.35319404176 58982.305308407434
 16140.226285972529 35989.203239028269 59315.538671731767
 16129.552566211813 35822.586557366099 59482.155353393937
 16118.633139909736 35322.736512379597 58982.305308407434
 16107.728488128603 35655.96987570393 59648.772035056107
 16097.097693285899 35989.203239028269 59148.921990069604
 16086.222150727903 35655.96987570393 59648.772035056107
 16075.361293745076 35655.96987570393 59148.921990069604
 16064.773165402905 35655.96987570393 59648.772035056107
 16053.941242575052 35822.586557366099 59648.772035056107
 16043.123917089135 35989.203239028269 59815.388716718277
 16032.578198900164 36489.053284014772 60315.238761704779
 16021.789633902108 36655.669965676942 60481.855443366949
 16011.271935442554 36822.286647339104 60815.088806691281
 16000.512016384524 36655.669965676942 60981.705488353451
 15989.766549408379 36489.053284014772 60648.472125029111
 15979.290839072562 36988.903329001274 61148.322170015621
 15968.573846669753 37322.136692325614 61481.555533339953
 15958.125877696924 37488.753373987776 61481.555533339953
 15947.437246834435 37488.753373987776 61648.172215002123
 15936.762924714731 37322.136692325614 62314.638941650795
 15926.356527417223 37821.986737312116 62814.488986637298
 15915.710397733605 37821.986737312116 62314.638941650795
 15905.331467107773 37821.986737312116 62647.872304975128
 15894.713418317067 38155.220100636448 62981.105668299468
 15884.361845762847 38321.836782298618 63480.95571328597
 15873.771766909535 38655.070145622958 64147.422439934642
 15863.195799425752 38655.070145622958 64147.422439934642
 15852.885225110971 38655.070145622958 64314.039121596812
 15842.337061563321 39154.920190609453 64980.505848245484
 15832.053575669301 39654.770235595955 65646.972574894156
 15821.533106558027 39654.770235595955 65480.355893231987
 15811.276602472883 40821.087007231137 66480.055983204991
 15800.783718872457 40154.620280582465 66979.906028191501
 15790.554090543039 40821.087007231137 66979.906028191501
 15780.088684098404 40821.087007231137 67812.989436502336
 15769.885826026619 41154.32037055547 68312.839481488831
 15759.447788949476 41987.403778866312 69145.92288979968
 15749.271596188675 42487.253823852814 69979.006298110515
 15738.860821253758 42653.870505514984 69812.389616448345
 15728.711189405141 42320.637142190644 69979.006298110515
 15718.327569946556 43153.720550501486 70645.473024759194
 15708.20439515559 42987.103868839316 71478.556433070029
 15697.847825063185 43320.337232163656 71478.556433070029
 15687.751004016063 44486.654003798831 73144.723249691713
 15677.421377731791 44486.654003798831 73644.573294678208
 15667.350807651934 44653.270685461001 73477.956613016038
 15657.048020166276 45652.970775434012 74311.040021326888
 15647.003598810827 44986.504048785333 75310.740111299892
 15636.727545659245 46486.054183744847 75643.973474624232
 15626.709171315613 46819.287547069187 76643.673564597237
 15616.459748574998 47152.520910393512 77476.756972908071
 15606.467320057433 46985.904228731342 77976.607017894581
 15596.487670976498 48152.221000366517 78143.223699556736
 15586.277840988792 48152.221000366517 78809.690426205416
 15576.323987538941 49318.537772001699 79976.00719784059
 15566.140531116716 48818.687727015189 81142.323969475765
 15556.212373411321 49651.771135326031 81975.4073777866
 15546.296872085069 50318.237861974703 82975.107467759619
 15536.15262716341 50651.471225299043 83141.724149421789
 15526.262673311905 50484.854543636873 83641.574194408284
 15516.144548402614 51484.554633609878 83974.807557732624
 15506.280043417584 51484.554633609878 84807.890966043458
 15496.4280733291 52317.63804192072 85474.357692692138
 15486.348783547302 52817.488086907222 86307.441101002973
 15476.522115950103 53317.338131893732 87806.991235962487
 15466.468695867361 53317.338131893732 87140.524509313822
 15456.667233411132 54816.888266853239 88473.457962611166
 15446.878185918626 54483.654903528906 89139.924689259831
 15436.863229391789 54983.504948515409 90972.708187543685
 15427.099242529426 55316.738311839748 90306.241460895006
 15417.347599518978 55983.205038488421 91639.17491419235
 15407.370886231975 55483.354993501911 91972.40827751669
 15397.644160443451 56816.288446799255 92805.491685827525
 15387.929707937094 57482.75517344792 93471.958412476204
 15377.991019253246 57316.13849178575 93971.808457462685
 15368.301341652706 58649.071945083095 94971.508547435689
 15358.623867301489 58315.838581758762 94971.508547435689
 15348.722986247545 58482.455263420932 95304.741910760029
 15339.070145567777 59482.155353393937 96804.292045719543
 15329.429438636293 60315.238761704779 98470.458862341227
 15319.566149886636 62647.872304975128 100969.70908727375
 15309.949936463709 62814.488986637298 101969.40917724675
 15300.345787814804 61814.788896664293 101136.32576893592
 15290.519877675841 60648.472125029111 100303.24236062507
 15280.940083433934 60648.472125029111 99970.008997300742
 15271.372285513575 61148.322170015621 100803.09240561158
 15261.816461395234 61648.172215002123 101636.17581392241
 15252.039960344697 61481.555533339953 101636.17581392241
 15242.508307167029 61981.405578326456 101302.94245059809
 15232.988560025591 62314.638941650795 101802.79249558458
 15223.480696626477 62647.872304975128 103135.72594888193
 15213.753232922563 62647.872304975128 102635.87590389543
 15204.26935883596 63314.3390316238 102635.87590389543
 15194.797301404 63147.722349961638 103968.80935719277
 15185.337038555572 63314.3390316238 103468.95931220627
 15175.65824417634 63147.722349961638 103968.80935719277
 15166.221790827469 63980.805758272472 104468.65940217927
 15156.797065644088 63647.57239494814 104968.50944716578
 15147.384046775123 64314.039121596812 105135.12612882795
 15137.753557372085 63980.805758272472 104968.50944716578
 15128.3641699823 63647.57239494814 104968.50944716578
 15118.986423150192 64480.655803258982 105801.59285547661
 15109.620295241979 64647.272484921144 105468.35949215229
 15100.265764677459 64314.039121596812 105468.35949215229
 15090.695077415266 64813.889166583314 105135.12612882795
 15081.363958556411 64480.655803258982 105801.59285547661
 15072.044372098631 64647.272484921144 105968.20953713878
 15062.736296675654 64647.272484921144 105801.59285547661
 15053.439710973958 63980.805758272472 105301.74281049012
 15044.154593732605 63814.18907661031 104968.50944716578
 15034.65487949724 63980.805758272472 104468.65940217927
 15025.392914024702 63480.95571328597 103468.95931220627
 15016.142353029505 63314.3390316238 103468.95931220627
 15006.903175460711 62981.105668299468 102635.87590389543
 14997.67536031915 62981.105668299468 102136.02585890892
 14988.458886657276 61981.405578326456 101802.79249558458
 14979.253733578993 61814.788896664293 100469.85904228724
 14969.835780901483 61648.172215002123 100303.24236062507
 14960.653481344067 60481.855443366949 98803.692225665567
 14951.482439483874 60315.238761704779 98303.842180679057
 14942.322634630327 59315.538671731767 96471.058682395204
 14933.174046143507 58649.071945083095 95637.975274084369
 14924.036653434023 58482.455263420932 93971.808457462685
 14914.910435962831 56982.905128461425 92972.108367489695
 14905.795373241117 56149.821720150583 91639.17491419235
 14896.691444830103 55649.971675164081 90306.241460895006
 14887.376993047594 54483.654903528906 89306.541370922001
 14878.295542462656 53317.338131893732 88140.224599286827
 14869.225164676669 52817.488086907222 86140.824419340803
 14860.165839450767 51151.321270285545 84308.040921056963
 14851.11754659538 50318.237861974703 82475.257422773109
 14842.080265970078 49151.921090339529 81475.557332800105
 14833.053977483425 48485.454363690857 79642.773834516251
 14824.038661092827 46985.904228731342 77809.990336232411
 14815.034296804397 45819.587457096175 75643.973474624232
 14806.040864672786 44320.037322136661 73644.573294678208
 14797.058344801055 44153.420640474498 72145.023159718694
 14788.086717340509 42987.103868839316 70478.856343097024
 14779.125962490578 41987.403778866312 68812.68952647534
 14770.176060498641 40654.470325568967 66480.055983204991
 14761.2369916599 39321.536872271623 64813.889166583314
 14752.308736317233 37821.986737312116 62647.872304975128
 14743.391274861044 36822.286647339104 60981.705488353451
 14734.484587729123 36322.436602352602 59982.005398380439
 14725.5886554065 35489.35319404176 57649.37185511009
 14716.703458425312 33989.803059082253 56149.821720150583
 14707.828977364652 32990.102969109248 54650.271585191076
 14698.965192850423 32656.869605784908 52817.488086907222
 14690.112085555213 30490.852744176726 50984.704588623375
 14681.269636198138 29824.386017528053 48985.304408677359
 14672.437825544715 28658.069245892875 47652.370955380014
 14663.61663440671 27658.369155919874 45819.587457096175
 14654.806043642013 26825.285747609032 44153.420640474498
 14646.006034154487 25825.585657636024 42487.253823852814
 14637.216586893835 24992.502249325185 41320.93705221764
 14628.43768285547 24159.418841014343 39488.153553933793
 14619.669303080365 22993.102069379172 38321.836782298618
 14610.911428654921 22493.252024392666 37155.520010663444
 14602.164040710832 21326.935252757492 35489.35319404176
 14593.42712042496 20660.46852610882 34156.419740744415
 14584.70064901918 20160.618481122314 33489.95301409575
 14575.984607760256 18994.301709487143 31490.552834149734
 14567.278977959706 18327.834982838471 30324.236062514556
 14558.583740973678 17994.601619514135 29157.919290879381
 14549.898878202797 16994.901529541126 28491.452564230713
 14541.435821373001 16161.818121230286 27491.752474257704
 14532.771399505886 15828.58475790595 26492.052384284696
 14524.117296771288 14828.884667932942 24825.885567663016
 14515.4734947454 14495.651304608606 23992.802159352177
 14506.839975048235 13662.567896297769 23326.335432703509
 14498.21671934352 13329.334532973433 22326.6353427305
 14489.603709338549 12496.251124662593 21326.935252757492
 14481.00092678406 11996.401079676089 20493.85184444665
 14472.617807108949 11663.167716351754 19494.151754473645
 14464.035176533549 10830.084308040914 18161.218301176301
 14455.462719361647 10496.850944716578 17994.601619514135
 14446.90041751542 10163.617581392242 17161.518211203293
 14438.34825295986 9997.0008997300738 16495.051484554624
 14429.806207702632 9663.7675364057395 16328.434802892454
 14421.27426379395 9163.9174914192354 15495.351394581614
 14412.960133752269 8830.6841280948993 14662.267986270774
 14404.448093571295 8664.0674464327312 14329.034622946438
 14395.946101577796 7830.984038121891 13829.184577959937
 14387.45413998993 7497.7506747975549 13329.334532973433
 14378.972191067782 7331.1339931353868 12496.251124662593
 14370.500237113254 7164.5173114732188 12329.634443000425
 14362.244531575396 6831.2839481488845 11829.784398013921
 14353.792271918242 6498.0505848245484 11163.31767136525
 14345.349954812147 6498.0505848245484 10830.084308040914
 14336.917562724015 6331.4339031623804 10830.084308040914
 14328.495078161941 6164.8172215002123 10163.617581392242
 14320.287551374033 5831.5838581758771 9830.3842180679057
 14311.884588962674 5498.350494851541 9663.7675364057395
 14303.491482270822 4998.5004498650369 9330.5341730814034
 14295.108213969181 5165.1171315272049 8830.6841280948993
 14286.938880475469 4831.8837682028698 8330.8340831083951
 14278.574998215177 4665.2670865407017 8164.2174014462271
 14270.220903019579 4665.2670865407017 7997.600719784059
 14261.876577720097 4498.6504048785337 7664.3673564597229
 14253.745171543822 4165.4170415541976 7331.1339931353868
 14245.420097438673 3998.8003598920295 7164.5173114732188
 14237.10474237959 3832.1836782298615 7164.5173114732188
 14228.799089356859 3998.8003598920295 6997.9006298110526
 14220.705346985209 3665.5669965676934 6664.6672664867165
 14212.418811557538 3665.5669965676934 6498.0505848245484
 14204.141927786142 3665.5669965676934 6664.6672664867165
 14195.874678818336 3832.1836782298615 6498.0505848245484
 14187.818339173984 3498.9503149055263 6164.8172215002123
 14179.570075435313 3498.9503149055263 5831.5838581758771
 14171.33139658471 3165.7169515811902 5331.733813189373
 14163.302882232138 3332.3336332433582 5831.5838581758771
 14155.083090337739 3165.7169515811902 5664.9671765137091
 14146.872833760097 3165.7169515811902 5165.1171315272049
 14138.872000791776 2832.4835882568545 4998.5004498650369
 14130.680533574498 3165.7169515811902 5331.733813189373
 14122.498552443898 2832.4835882568545 5165.1171315272049
 14114.525257942949 2999.1002699190221 4665.2670865407017
 14106.361969248132 2665.8669065946865 4665.2670865407017
 14098.208117748236 2499.2502249325184 4498.6504048785337
 14090.26221977991 2832.4835882568545 4665.2670865407017
 14082.126964456711 2999.1002699190221 4498.6504048785337
 14074.001097772087 2332.6335432703509 4332.0337232163656
 14066.082455375354 2166.0168616081828 4165.4170415541976
 14057.97508926814 2166.0168616081828 4165.4170415541976
 14049.877063575694 2499.2502249325184 4332.0337232163656
 14041.985536754897 2332.6335432703509 4165.4170415541976
 14033.905916694735 2332.6335432703509 4332.0337232163656
 14026.032315978455 2166.0168616081828 4165.4170415541976
 14017.971038871834 2332.6335432703509 3998.8003598920295
 14009.919022668049 2166.0168616081828 4165.4170415541976
 14002.072306701393 1999.4001799460148 3998.8003598920295
 13994.038539582138 1999.4001799460148 3665.5669965676934
 13986.209597337025 2332.6335432703509 4165.4170415541976
 13978.19401733296 1999.4001799460148 3832.1836782298615
 13970.187619619732 2166.0168616081828 3665.5669965676934
 13962.385333910444 2332.6335432703509 3665.5669965676934
 13954.397030504311 2499.2502249325184 3998.8003598920295
 13946.612367855849 2166.0168616081828 3998.8003598920295
 13938.642097486863 1832.7834982838467 3665.5669965676934
 13930.87499825864 2166.0168616081828 3832.1836782298615
 13922.922699933169 1999.4001799460148 3832.1836782298615
 13914.979475405275 2332.6335432703509 3832.1836782298615
 13907.238717752591 1832.7834982838467 3665.5669965676934
 13899.313373919327 1999.4001799460148 3832.1836782298615
 13891.590031394993 1832.7834982838467 3498.9503149055263
 13883.682507948408 1999.4001799460148 3498.9503149055263
 13875.976521847726 1832.7834982838467 3165.7169515811902
 13868.086758750762 1832.7834982838467 3498.9503149055263
 13860.398070632587 1666.1668166216791 2999.1002699190221
 13852.52600811758 1832.7834982838467 3165.7169515811902
 13844.85455980285 1666.1668166216791 3165.7169515811902
 13837.00013837 1832.7834982838467 3332.3336332433582
 13829.345871940257 1499.5501349595111 2999.1002699190221
 13821.509032356153 1666.1668166216791 3165.7169515811902
 13813.871890152092 1832.7834982838467 3165.7169515811902
 13806.052573448198 1999.4001799460148 3498.9503149055263
 13798.43249806822 1832.7834982838467 3332.3336332433582
 13790.630645539421 1832.7834982838467 3332.3336332433582
 13783.027579838188 1666.1668166216791 2999.1002699190221
 13775.243133041296 1499.5501349595111 2832.4835882568545
 13767.657020128314 1832.7834982838467 3332.3336332433582
 13759.889920880632 1666.1668166216791 2999.1002699190221
 13752.32070411882 1499.5501349595111 2999.1002699190221
 13744.759810322315 1499.5501349595111 2665.8669065946865
 13737.018517500961 1666.1668166216791 2832.4835882568545
 13729.474435718601 1666.1668166216791 3165.7169515811902
 13721.750346474197 1666.1668166216791 2999.1002699190221
 13714.223020694762 1332.9334532973432 2832.4835882568545
 13706.516077743358 1332.9334532973432 2499.2502249325184
 13699.00545220417 1666.1668166216791 2665.8669065946865
 13691.503053205181 1332.9334532973432 2499.2502249325184


